1	1	0	0	0	0	0.5017954568	-0.9837646363
2	2	0	0	0	0	0.0365908619	0.4809389058
3	3	0	0	0	0	0.1260679008	0.4032049918
4	4	0	0	0	0	0.1109092212	0.3595931280
5	5	0	0	0	0	-32.0350971707	-5.9634481345
6	6	0	0	0	0	0.0332638388	0.7393007373
7	7	0	0	0	0	0.0666128511	0.4140173641
8	8	0	0	0	0	0.2412974896	0.0531463646
9	9	0	0	0	0	0.5008141254	-0.9644044394
10	10	0	0	0	0	0.5391330606	-0.9403608532
11	11	0	0	0	0	0.5084750378	-1.0254429043
12	12	0	0	0	0	0.4552360662	-0.5762534474
13	13	0	0	0	0	0.5887224164	-0.9866872258
14	14	0	0	0	0	0.5648423695	-0.9795222829
15	15	0	0	0	0	0.6179339266	-0.6620849154
16	16	0	0	0	0	0.5339836833	-0.9262564012
17	17	0	0	0	0	0.3797331687	-1.0111581243
18	18	0	0	0	0	-0.4210219413	1.1554216123
19	19	0	0	0	0	-0.4283366457	1.1522775823
20	20	0	0	0	0	-0.4235527981	1.1607971405
21	21	0	0	0	0	-0.4288312663	1.1540306876
22	22	0	0	0	0	-1.0733649181	2.0021324300
23	23	0	0	0	0	-1.1198716851	2.0746717906
24	24	0	0	0	0	-1.3725558771	2.1242477297
25	25	0	0	0	0	-1.2582658470	2.0107524188
26	26	0	0	0	0	-1.4825894905	2.2009339863
27	27	0	0	0	0	-1.4494951820	2.1913459467
28	28	0	0	0	0	-1.3393572164	2.0480374830
29	29	0	0	0	0	-1.4382973334	2.1973291451
30	30	0	0	0	0	0.5578969650	-0.0238635163
31	31	0	0	0	0	-1.3753495599	2.0891162156
32	32	0	0	0	0	0.6428858654	-0.0760995516
33	33	0	0	0	0	-1.2867454627	2.0104519347
34	34	0	0	0	0	-0.8106368698	1.7183278502
35	35	0	0	0	0	-1.2917388185	2.0148105217
36	36	0	0	0	0	-0.8946743425	1.8700160532
37	37	0	0	0	0	-1.3822805792	2.0812825577
38	38	0	0	0	0	-0.2074537865	0.8186122587
39	39	0	0	0	0	0.6299971199	-0.3151962343
40	40	0	0	0	0	0.9629231634	-0.7476452325
41	41	0	0	0	0	0.9813705770	-0.5929110730
42	42	0	0	0	0	-0.5651576049	1.3425928497
43	43	0	0	0	0	0.6179316704	-0.0355553155
44	44	0	0	0	0	0.5931856731	-0.9646949101
45	45	0	0	0	0	-0.2667863177	0.9539237086
46	46	0	0	0	0	-0.8374181167	1.7286896535
47	47	0	0	0	0	0.9261565475	-0.7942552324
48	48	0	0	0	0	0.6792204692	-0.3121932215
49	49	0	0	0	0	0.5038890875	-0.3440545823
50	50	0	0	0	0	-1.3693810822	2.0571524391
51	51	0	0	0	0	-5.6647365414	-1.1915980268
52	52	0	0	0	0	-1.1801116870	2.1636314734
53	53	0	0	0	0	-29.8885272227	-5.3328753753
54	54	0	0	0	0	-28.7590786920	-5.5763940908
55	55	0	0	0	0	-3.9547333201	-1.3440432372
56	56	0	0	0	0	1.0676439614	-0.5733952417
57	57	0	0	0	0	-27.7937296333	-5.4347270121
58	58	0	0	0	0	-25.2873520724	-4.9814760394
59	59	0	0	0	0	-24.5834696601	-4.7488755741
60	60	0	0	0	0	-29.1815264042	-5.6270803154
61	61	0	0	0	0	0.5241937465	-0.9411306161
62	62	0	0	0	0	0.4275774736	-0.9840456820
63	63	0	0	0	0	0.3733289196	-1.0159637825
64	64	0	0	0	0	0.6864597106	-0.9417851342
65	65	0	0	0	0	0.7888723472	-0.8749547104
66	66	0	0	0	0	0.3857369095	-1.0100307105
67	67	0	0	0	0	-27.4417791655	-5.3700783249
68	68	0	0	0	0	-1.1769248996	1.9081535288
69	69	0	0	0	0	-1.2902643036	2.0263978865
70	70	0	0	0	0	-1.4733884260	2.2115884306
71	71	0	0	0	0	-1.1091886305	2.0853754708
72	72	0	0	0	0	-1.3456593569	2.0703877046
73	73	0	0	0	0	-1.4561496403	2.2050690594
74	74	0	0	0	0	-1.3407968456	2.0927419688
75	75	0	0	0	0	-1.1171521895	2.1084547842
76	76	0	0	0	0	0.4055623349	0.1357017852
77	77	0	0	0	0	-1.3762901813	2.0774406052
78	78	0	0	0	0	-0.7053480577	1.4915429856
79	79	0	0	0	0	-0.7275974224	1.6227693721
80	80	0	0	0	0	-1.3085464290	2.1096322988
81	81	0	0	0	0	-1.0812618871	2.0007219685
82	82	0	0	0	0	0.7323597290	-0.2059325344
83	83	0	0	0	0	0.1164013490	0.6634157704
84	84	0	0	0	0	0.0853169837	0.7067546635
85	85	0	0	0	0	0.6248294826	-0.0255790770
86	86	0	0	0	0	0.0600681064	0.7339917517
87	87	0	0	0	0	0.8010855168	-0.2592792200
88	88	0	0	0	0	0.7357516242	-0.2253971517
89	89	0	0	0	0	0.0770614754	0.6931688670
90	90	0	0	0	0	0.8362447005	-0.4433788010
91	91	0	0	0	0	0.6952141890	-0.1614138246
92	92	0	0	0	0	0.7585480584	-0.2157813519
93	93	0	0	0	0	0.7123061437	-0.1960013996
94	94	0	0	0	0	0.6982904967	-0.1895148214
95	95	0	0	0	0	-0.9886915807	2.0098176893
96	96	0	0	0	0	-27.0556969891	-5.2738938795
97	97	0	0	0	0	-27.7849860030	-5.4624409632
98	98	0	0	0	0	-28.5798903102	-5.2221310514
99	99	0	0	0	0	-16.7164942760	-3.6303508478
100	100	0	0	0	0	0.5172657624	-1.0358800224
101	101	0	0	0	0	0.6975968650	-0.9367513988
102	102	0	0	0	0	0.4845578148	-1.0066809089
103	103	0	0	0	0	0.3773474502	-1.0071613863
104	104	0	0	0	0	0.6720738675	-0.9565619825
105	105	0	0	0	0	0.5921959419	-1.0428528673
106	106	0	0	0	0	0.4985892612	-1.0586536381
107	107	0	0	0	0	0.5773882508	-1.0399866732
108	108	0	0	0	0	0.5070295912	-1.0446989218
109	109	0	0	0	0	0.5835887363	-1.0199399812
110	110	0	0	0	0	0.5258732567	-1.0330446827
111	111	0	0	0	0	0.4938926360	-1.0078054080
112	112	0	0	0	0	0.5131519798	-0.9791839778
113	113	0	0	0	0	0.5045797613	-0.9621650781
114	114	0	0	0	0	0.4951585128	-0.9674053109
115	115	0	0	0	0	0.4874847632	-1.0636944400
116	116	0	0	0	0	0.5801860178	-1.1051818467
117	117	0	0	0	0	0.5035033884	-0.9578716321
118	118	0	0	0	0	0.5081494251	-0.9553034399
119	119	0	0	0	0	0.5189365996	-1.0661064956
120	120	0	0	0	0	0.5535374255	-1.0534972460
121	121	0	0	0	0	1.1155890662	-0.6101607729
122	122	0	0	0	0	-0.8298412303	1.8075201561
123	123	0	0	0	0	0.5037430621	-0.9729489618
124	124	0	0	0	0	0.9587714599	-0.7980617737
125	125	0	0	0	0	-0.7429260988	1.6154642996
126	126	0	0	0	0	-0.8998191718	1.5052512742
127	127	0	0	0	0	1.1042248740	-0.6226623452
128	128	0	0	0	0	-0.3961982361	1.2429521385
129	129	0	0	0	0	-0.9443119000	1.8728399158
130	130	0	0	0	0	1.1166066394	-0.6621730463
131	131	0	0	0	0	0.7248250072	-0.2302533338
132	132	0	0	0	0	0.7331390197	-0.4311744645
133	133	0	0	0	0	0.6833215127	-0.3400515402
134	134	0	0	0	0	-0.1683159624	0.7809900535
135	135	0	0	0	0	0.5281186035	-1.0673246063
136	136	0	0	0	0	0.4860889931	-0.4070521994
137	137	0	0	0	0	-0.3454034413	1.0599077041
138	138	0	0	0	0	0.7414296643	-0.2416726990
139	139	0	0	0	0	-1.1147788419	2.1208005143
140	140	0	0	0	0	1.0342136370	-0.8615498543
141	141	0	0	0	0	0.5974016350	-0.2058184319
142	142	0	0	0	0	0.4871192266	-0.9530379630
143	143	0	0	0	0	0.4514776479	-0.9724170779
144	144	0	0	0	0	0.4182498540	-0.9914859817
145	145	0	0	0	0	1.1458661308	-0.5327966832
146	146	0	0	0	0	-1.2604923714	2.0009017609
147	147	0	0	0	0	0.9689936691	-0.3631221469
148	148	0	0	0	0	0.6181659421	-0.0253883238
149	149	0	0	0	0	0.6347919519	-0.0359546835
150	150	0	0	0	0	0.7368945710	-0.2229258292
151	151	0	0	0	0	0.0854404331	0.7004538849
152	152	0	0	0	0	-1.2177830329	2.2242301588
153	153	0	0	0	0	0.6505367538	-0.9546768583
154	154	0	0	0	0	-0.2379979088	0.8796037380
155	155	0	0	0	0	0.6515341597	-0.8980303038
156	156	0	0	0	0	-1.0769157632	1.7821093963
157	157	0	0	0	0	0.5136605148	-0.9199654083
158	158	0	0	0	0	-0.2259249131	0.8360166261
159	159	0	0	0	0	-27.5960665985	-5.4686753047
160	160	0	0	0	0	0.5646361425	-0.9978545267
161	161	0	0	0	0	0.7308737640	-0.2110725865
162	162	0	0	0	0	0.7807844877	-0.2589612636
163	163	0	0	0	0	-1.0630936528	2.0064439103
164	164	0	0	0	0	-1.1572160630	2.1293623790
165	165	0	0	0	0	0.4442275845	-0.9903794762
166	166	0	0	0	0	-0.8831068515	1.8556940882
167	167	0	0	0	0	0.0473184083	0.7464586480
168	168	0	0	0	0	0.0910953657	0.6919522170
169	169	0	0	0	0	0.0322453136	0.7621787805
170	170	0	0	0	0	0.6401387188	-0.0523801837
171	171	0	0	0	0	0.5331514975	0.0660131956
172	172	0	0	0	0	0.0335312373	0.7584873844
173	173	0	0	0	0	0.5714725789	0.0397925951
174	174	0	0	0	0	1.0181928448	-0.7099800165
175	175	0	0	0	0	1.0350833981	-0.7312305565
176	176	0	0	0	0	0.9808803999	-0.6528053886
177	177	0	0	0	0	1.0038625799	-0.6435965335
178	178	0	0	0	0	0.9092141713	-0.2926292834
179	179	0	0	0	0	0.7190982115	-0.2053579989
180	180	0	0	0	0	0.5812310571	0.0101617146
181	181	0	0	0	0	0.5818858170	0.0038351513
182	182	0	0	0	0	0.9607191376	-0.7837836683
183	183	0	0	0	0	0.7608094219	-0.2342895616
184	184	0	0	0	0	-0.1298433275	0.7921999225
185	185	0	0	0	0	0.8969669781	-0.4808643179
186	186	0	0	0	0	-0.8496586798	-1.0724328364
187	187	0	0	0	0	0.6726870944	-0.3012694329
188	188	0	0	0	0	-0.0112147339	0.5677450458
189	189	0	0	0	0	0.0752692059	0.4650568722
190	190	0	0	0	0	-0.0169823489	0.4802363176
191	191	0	0	0	0	-0.0622557239	0.5236294248
192	192	0	0	0	0	-0.0109156323	0.5006490544
193	193	0	0	0	0	0.0018718451	0.4652130139
194	194	0	0	0	0	0.0492258089	0.4621637921
195	195	0	0	0	0	0.0726974311	0.7138534653
196	196	0	0	0	0	0.6042223829	-0.0244069245
197	197	0	0	0	0	-1.1188636174	2.1612431791
198	198	0	0	0	0	-1.0395604837	2.0429872136
199	199	0	0	0	0	0.5364547614	0.0789974223
200	200	0	0	0	0	-0.7728249386	1.7025447210
201	201	0	0	0	0	-0.7387140167	1.6328684615
202	202	0	0	0	0	-0.7877382123	1.7171010709
203	203	0	0	0	0	-0.7394192951	1.6335815324
204	204	0	0	0	0	0.4704406878	0.1025374518
205	205	0	0	0	0	1.1518454686	-0.6686468929
206	206	0	0	0	0	0.0346381704	0.7263338142
207	207	0	0	0	0	-0.9387459869	1.8574731119
208	208	0	0	0	0	-0.5596709791	1.4511377312
209	209	0	0	0	0	-0.8853063930	1.8300935789
210	210	0	0	0	0	-1.1575221967	2.1145544670
211	211	0	0	0	0	0.1565114902	0.5683015275
212	212	0	0	0	0	-1.1589738381	2.0568820318
213	213	0	0	0	0	-1.1480270652	2.1556198196
214	214	0	0	0	0	-0.2362996137	1.0424519449
215	215	0	0	0	0	0.0678487879	0.6886014754
216	216	0	0	0	0	-0.4297291499	1.3466242228
217	217	0	0	0	0	0.4714327277	0.1782099941
218	218	0	0	0	0	-0.7069713839	1.6421405386
219	219	0	0	0	0	-0.9923966826	1.9908499161
220	220	0	0	0	0	0.5777347201	0.0592472815
221	221	0	0	0	0	0.6267830948	-0.0299431899
222	222	0	0	0	0	-1.0316281340	2.0040980785
223	223	0	0	0	0	0.7579278052	-0.2680170937
224	224	0	0	0	0	0.9368613299	-0.8034192240
225	225	0	0	0	0	-0.7888642865	1.7624510517
226	226	0	0	0	0	0.6100846294	-0.0213179803
227	227	0	0	0	0	0.8762562078	-0.4188562720
228	228	0	0	0	0	0.7097587854	-0.1814289854
229	229	0	0	0	0	0.5951074353	-0.1246797176
230	230	0	0	0	0	0.6711634308	-0.0981089200
231	231	0	0	0	0	1.1031601977	-0.5614161650
232	232	0	0	0	0	0.0997054060	0.6651350200
233	233	0	0	0	0	0.0171411318	0.7716656824
234	234	0	0	0	0	0.6370010551	-0.9581140035
235	235	0	0	0	0	0.9508981337	-0.7846525236
236	236	0	0	0	0	1.0246215087	-0.6633423714
237	237	0	0	0	0	0.8452935108	-0.4100510515
238	238	0	0	0	0	-1.4498388645	2.1674997285
239	239	0	0	0	0	1.0479741939	-0.7285667209
240	240	0	0	0	0	-1.3666223990	2.0740116330
241	241	0	0	0	0	-0.9910320520	1.8674215642
242	242	0	0	0	0	0.4151000189	0.1174690986
243	243	0	0	0	0	-0.0138202684	0.5509577859
244	244	0	0	0	0	-0.1735559462	0.7553269219
245	245	0	0	0	0	-0.0375668464	0.6943009811
246	246	0	0	0	0	-0.2907933809	1.0247258739
247	247	0	0	0	0	-0.7043989251	1.3902488079
248	248	0	0	0	0	-0.2355244375	0.7647206596
249	249	0	0	0	0	-0.4667901969	1.1967526775
250	250	0	0	0	0	-0.0821274101	0.7461564426
251	251	0	0	0	0	-1.3259855973	1.9413680949
252	252	0	0	0	0	-1.4634921212	2.1695028801
253	253	0	0	0	0	0.7158135520	-0.2219465794
254	254	0	0	0	0	0.6490651394	-0.2728231760
255	255	0	0	0	0	-27.3103709689	-5.3248857824
256	256	0	0	0	0	0.4462629089	-0.9686786572
257	257	0	0	0	0	-0.7223882381	-0.7894972940
258	258	0	0	0	0	-0.2356489118	0.8152582953
259	259	0	0	0	0	0.3892379649	0.1914149375
260	260	0	0	0	0	-0.3319862954	0.9489880626
261	261	0	0	0	0	-0.3929867870	1.0109801289
262	262	0	0	0	0	-0.3481737869	0.9584355441
263	263	0	0	0	0	-0.8483179426	1.4004517184
264	264	0	0	0	0	0.6947771565	-0.8746894375
265	265	0	0	0	0	0.7799602154	-0.8498238491
266	266	0	0	0	0	0.8785986861	-0.3092829979
267	267	0	0	0	0	0.9341229540	-0.7904530181
268	268	0	0	0	0	0.9689621297	-0.7651700712
269	269	0	0	0	0	-0.4854155773	1.0823633205
270	270	0	0	0	0	0.7751995940	-0.4903518480
271	271	0	0	0	0	-0.2776686026	0.8669063978
272	272	0	0	0	0	-0.3097418892	0.9551038845
273	273	0	0	0	0	-1.0145698856	1.6788796232
274	274	0	0	0	0	-0.2784359944	0.8808317542
275	275	0	0	0	0	-0.8532952289	1.3546728866
276	276	0	0	0	0	-0.0253476074	0.4959745144
277	277	0	0	0	0	-0.5342280063	1.0103911123
278	278	0	0	0	0	-0.8047439857	1.4292539922
279	279	0	0	0	0	-0.2888296939	0.9533046828
280	280	0	0	0	0	-0.2710876205	0.8926491131
281	281	0	0	0	0	-0.2877268760	0.9451029125
282	282	0	0	0	0	0.9541685126	-0.7826966404
283	283	0	0	0	0	0.5803933753	-1.0278811162
284	284	0	0	0	0	0.9280245000	-0.8007769620
285	285	0	0	0	0	0.9176411525	-0.3423496193
286	286	0	0	0	0	0.9604153835	-0.7829977260
287	287	0	0	0	0	0.6773877121	-0.2959765684
288	288	0	0	0	0	-0.1323252150	0.5543815736
289	289	0	0	0	0	-1.0528341520	1.6509359642
290	290	0	0	0	0	-0.2090587137	0.7893880836
291	291	0	0	0	0	-0.2617379259	0.8660307523
292	292	0	0	0	0	0.7335984238	-0.2384325538
293	293	0	0	0	0	-1.1477561091	2.1864122673
294	294	0	0	0	0	0.6509959468	-0.3026787515
295	295	0	0	0	0	0.8582506695	-0.8198303723
296	296	0	0	0	0	0.6680494466	-0.3150568308
297	297	0	0	0	0	0.7073297498	-0.9790277590
298	298	0	0	0	0	0.6645124182	-0.2306791666
299	299	0	0	0	0	0.6599636416	-0.9723073550
300	300	0	0	0	0	0.6676904771	-0.2853571682
301	301	0	0	0	0	0.7344230219	-0.2837178619
302	302	0	0	0	0	0.6801399423	-0.3139423565
303	303	0	0	0	0	0.6758381210	-0.2599174794
304	304	0	0	0	0	0.3177313860	0.3230967311
305	305	0	0	0	0	1.0742054164	-0.7375934233
306	306	0	0	0	0	0.9807850898	-0.7923078016
307	307	0	0	0	0	1.0153283792	-0.4596904898
308	308	0	0	0	0	0.9919879618	-0.4005300194
309	309	0	0	0	0	0.5182806925	0.1068528883
310	310	0	0	0	0	-0.1892426941	1.0541142720
311	311	0	0	0	0	-0.8594537759	1.8388455535
312	312	0	0	0	0	-12.5064023607	-2.9368867840
313	313	0	0	0	0	-1.1533879968	2.1863182027
314	314	0	0	0	0	0.9511178703	-0.6018198681
315	315	0	0	0	0	0.5846146358	0.0091433792
316	316	0	0	0	0	-1.0491038782	2.0232335605
317	317	0	0	0	0	0.8779765822	-0.4600748637
318	318	0	0	0	0	0.7286783173	-0.1958232538
319	319	0	0	0	0	-1.1929593203	2.1785844001
320	320	0	0	0	0	-27.5544353911	-5.2088931857
321	321	0	0	0	0	-27.4925066802	-5.4466527833
322	322	0	0	0	0	-28.8604340393	-5.1598867893
323	323	0	0	0	0	-0.1421663100	0.8233959232
324	324	0	0	0	0	-0.3381264557	1.0861308185
325	325	0	0	0	0	0.4042386684	0.1858876334
326	326	0	0	0	0	-0.9096673575	1.8447737495
327	327	0	0	0	0	0.4943882001	-0.9851558539
328	328	0	0	0	0	-1.0100671468	1.8766337244
329	329	0	0	0	0	-0.0038399798	0.4965411652
330	330	0	0	0	0	-1.0200187292	1.9038368069
331	331	0	0	0	0	-0.1533601866	0.9738157113
332	332	0	0	0	0	0.5448833335	-0.1191969447
333	333	0	0	0	0	0.6233324241	-0.1355467303
334	334	0	0	0	0	0.5297282777	-0.8454372806
335	335	0	0	0	0	0.6182382909	-0.9661261011
336	336	0	0	0	0	0.6760620063	-0.0950336781
337	337	0	0	0	0	-0.5234257961	1.2382567498
338	338	0	0	0	0	-0.5177029510	1.2318181065
339	339	0	0	0	0	-0.7115531936	1.6009563786
340	340	0	0	0	0	-0.5174973150	1.2631864438
341	341	0	0	0	0	0.0572685223	0.1120351598
342	342	0	0	0	0	0.4240495784	0.1586080016
343	343	0	0	0	0	-1.3469401555	2.0458485353
344	344	0	0	0	0	-0.1571147531	0.9721430738
345	345	0	0	0	0	-0.9024152288	1.7424390389
346	346	0	0	0	0	-1.4256909316	2.0985351933
347	347	0	0	0	0	0.8395754921	-0.4474249790
348	348	0	0	0	0	-0.2441248688	0.8519384721
349	349	0	0	0	0	-0.2184749168	0.8268432228
350	350	0	0	0	0	-0.6607911526	1.4688743932
351	351	0	0	0	0	-0.4154177913	1.1746067833
352	352	0	0	0	0	0.7337095644	-0.2111822098
353	353	0	0	0	0	1.1687444103	-0.6483439072
354	354	0	0	0	0	0.6915167595	-0.2416132360
355	355	0	0	0	0	0.5080548767	-0.9614868438
356	356	0	0	0	0	0.8725878840	-0.4128701824
357	357	0	0	0	0	1.0809238527	-0.5468064163
358	358	0	0	0	0	0.8681527730	-0.4118953808
359	359	0	0	0	0	0.4462818774	-1.1096693016
360	360	0	0	0	0	0.7743386836	-0.9285767893
361	361	0	0	0	0	0.4094632759	-1.0898339764
362	362	0	0	0	0	0.5982089297	-1.0935763921
363	363	0	0	0	0	0.5888520544	-1.0289369074
364	364	0	0	0	0	0.6601562426	-0.9930444280
365	365	0	0	0	0	0.6331248201	-1.0101371317
366	366	0	0	0	0	0.5381871162	-1.0452922676
367	367	0	0	0	0	0.9070454197	-0.8183020199
368	368	0	0	0	0	0.8730154767	-0.8219852531
369	369	0	0	0	0	0.8783932288	-0.9270738390
370	370	0	0	0	0	0.8696686990	-0.7289339421
371	371	0	0	0	0	0.8675499048	-0.8362135368
372	372	0	0	0	0	0.9801777249	-0.7587902056
373	373	0	0	0	0	0.8839327503	-0.8285140688
374	374	0	0	0	0	1.1197600898	-0.5664377399
375	375	0	0	0	0	0.6327665572	-0.1588618077
376	376	0	0	0	0	0.0515202829	0.4420099692
377	377	0	0	0	0	0.5344789177	-0.0937952887
378	378	0	0	0	0	0.5559205509	-0.0852476765
379	379	0	0	0	0	0.7445621610	-0.4495761584
380	380	0	0	0	0	-0.7626271561	1.5973063622
381	381	0	0	0	0	-27.5082863974	-5.5216581213
382	382	0	0	0	0	-25.8582767595	-4.8621683835
383	383	0	0	0	0	0.9846171717	-0.6470811596
384	384	0	0	0	0	1.1799705739	-0.6522844073
385	385	0	0	0	0	0.7794019300	-0.3080151170
386	386	0	0	0	0	0.5387148495	-1.0190332086
387	387	0	0	0	0	-3.4181654567	-1.1749079054
388	388	0	0	0	0	1.1731813422	-0.7237366493
389	389	0	0	0	0	-23.7898596822	-4.7923970104
390	390	0	0	0	0	-18.1290063643	-3.8216546434
391	391	0	0	0	0	-14.8116144629	-3.2664118682
392	392	0	0	0	0	-0.1738472524	0.7735749150
393	393	0	0	0	0	0.8762099442	-0.7546888887
394	394	0	0	0	0	-25.0656260584	-4.9777979078
395	395	0	0	0	0	-19.9655828125	-4.0352314125
396	396	0	0	0	0	0.7485583221	-0.2371967308
397	397	0	0	0	0	-0.8970017149	1.8236741601
398	398	0	0	0	0	-13.5225777355	-2.9158000192
399	399	0	0	0	0	0.9296454668	-0.5236624213
400	400	0	0	0	0	-18.6464430910	-3.9122409415
401	401	0	0	0	0	0.7286695668	-0.9959512286
402	402	0	0	0	0	-10.0783849264	-2.1907121512
403	403	0	0	0	0	-17.7769418673	-3.5779715173
404	404	0	0	0	0	-25.1498482860	-4.9658504095
405	405	0	0	0	0	-27.9306841805	-5.3836323025
406	406	0	0	0	0	-17.4898125294	-3.4890519281
407	407	0	0	0	0	-8.6432912879	-1.7374603300
408	408	0	0	0	0	-27.4303549661	-5.4914348645
409	409	0	0	0	0	0.7287391417	-0.4151224981
410	410	0	0	0	0	0.9812264652	-0.7501438863
411	411	0	0	0	0	0.6032120375	0.0002530791
412	412	0	0	0	0	0.5992161714	0.0030956702
413	413	0	0	0	0	1.2107879959	-0.6900157110
414	414	0	0	0	0	0.5717704891	0.0069809667
415	415	0	0	0	0	0.5904638426	0.0048208999
416	416	0	0	0	0	0.9736682958	-0.7399872236
417	417	0	0	0	0	1.0222378121	-0.7579355078
418	418	0	0	0	0	0.5913191530	0.0083728530
419	419	0	0	0	0	0.9279791124	-0.8061956428
420	420	0	0	0	0	0.6043636697	0.0018320267
421	421	0	0	0	0	0.6095430785	-0.0076635518
422	422	0	0	0	0	0.5920410492	0.0046658552
423	423	0	0	0	0	0.8894818095	-0.5239765537
424	424	0	0	0	0	-0.8699410294	1.8424917928
425	425	0	0	0	0	-0.8693034502	1.8091723239
426	426	0	0	0	0	0.9563789166	-0.7941338194
427	427	0	0	0	0	0.0695802373	0.7102825774
428	428	0	0	0	0	0.8954722604	-0.6916905741
429	429	0	0	0	0	0.6318293870	-0.0238201149
430	430	0	0	0	0	0.6319123825	-0.0222649893
431	431	0	0	0	0	-0.9677269343	1.9604307460
432	432	0	0	0	0	-0.7590937332	1.5785257734
433	433	0	0	0	0	-0.3707733192	1.1926799654
434	434	0	0	0	0	-0.2180361233	1.0234284317
435	435	0	0	0	0	-0.7388836156	1.6545228033
436	436	0	0	0	0	0.9989502059	-0.7522458473
437	437	0	0	0	0	-0.9562819948	1.9331502738
438	438	0	0	0	0	0.1200794396	0.6685799045
439	439	0	0	0	0	-0.9042808457	1.8583774279
440	440	0	0	0	0	0.0570924908	0.7197786928
441	441	0	0	0	0	0.9313355754	-0.6052228319
442	442	0	0	0	0	-0.8294383740	1.7255444359
443	443	0	0	0	0	-1.2790030593	1.9932319708
444	444	0	0	0	0	0.3144743311	0.2944535393
445	445	0	0	0	0	0.9833889222	-0.7859556012
446	446	0	0	0	0	1.0198409352	-0.7628450774
447	447	0	0	0	0	1.0190706481	-0.7678653380
448	448	0	0	0	0	1.0153088543	-0.7657065025
449	449	0	0	0	0	1.0197148069	-0.7629510854
450	450	0	0	0	0	0.9474599182	-0.4191970816
451	451	0	0	0	0	0.9175044332	-0.8053735382
452	452	0	0	0	0	0.9529901507	-0.7943214970
453	453	0	0	0	0	0.9473331896	-0.7879973299
454	454	0	0	0	0	0.9489731137	-0.7925221773
455	455	0	0	0	0	0.9390239175	-0.7935310326
456	456	0	0	0	0	0.9545369322	-0.7907062767
457	457	0	0	0	0	0.7674971033	-0.8350788309
458	458	0	0	0	0	0.9558556800	-0.7865882583
459	459	0	0	0	0	0.7496229798	-0.1888308792
460	460	0	0	0	0	0.5636246280	-1.0547643286
461	461	0	0	0	0	0.5306840528	-0.9935066783
462	462	0	0	0	0	0.7988165846	-0.9026465748
463	463	0	0	0	0	0.6336361151	-1.0088536357
464	464	0	0	0	0	0.5590109516	-1.0170450711
465	465	0	0	0	0	0.6173957687	-1.0261136565
466	466	0	0	0	0	0.6624677303	-0.9054422737
467	467	0	0	0	0	0.8682385959	-0.8271619687
468	468	0	0	0	0	0.5833311522	-1.0329557193
469	469	0	0	0	0	0.5929828487	-1.0274030789
470	470	0	0	0	0	0.5590659794	-1.0471300328
471	471	0	0	0	0	1.0009957714	-0.4250612662
472	472	0	0	0	0	0.9615760564	-0.7902524440
473	473	0	0	0	0	-0.8371009747	1.7849679177
474	474	0	0	0	0	1.0442606027	-0.7174773508
475	475	0	0	0	0	0.5273454715	-1.0298076932
476	476	0	0	0	0	0.9787717966	-0.4921781304
477	477	0	0	0	0	0.9364234160	-0.3248761033
478	478	0	0	0	0	0.5911279749	-1.0474244286
479	479	0	0	0	0	0.6794143525	-1.0212985978
480	480	0	0	0	0	1.0088671277	-0.5484762046
481	481	0	0	0	0	-19.1469904229	-4.0737788445
482	482	0	0	0	0	0.9799646872	-0.4487163428
483	483	0	0	0	0	0.6518972709	-0.9790309101
484	484	0	0	0	0	0.7212332474	-0.9860411498
485	485	0	0	0	0	0.4805470439	-1.0347004463
486	486	0	0	0	0	-13.0078669141	-2.9116027406
487	487	0	0	0	0	0.9321778804	-0.4912196173
488	488	0	0	0	0	-7.1599484500	-1.5815365957
489	489	0	0	0	0	0.4015187436	0.1679779745
490	490	0	0	0	0	0.5761288773	-1.0978076938
491	491	0	0	0	0	0.9576831092	-0.7774748071
492	492	0	0	0	0	0.9178986608	-0.3034050989
493	493	0	0	0	0	0.8687587956	-0.5123383307
494	494	0	0	0	0	0.8471606649	-0.4474856317
495	495	0	0	0	0	0.9099553648	-0.3444578382
496	496	0	0	0	0	0.8721574655	-0.4673833741
497	497	0	0	0	0	0.9438530165	-0.3920025935
498	498	0	0	0	0	0.9299403703	-0.3803588159
499	499	0	0	0	0	0.9081720519	-0.3349901940
500	500	0	0	0	0	1.0303697601	-0.7539672634
501	501	0	0	0	0	0.9965917105	-0.7716812148
502	502	0	0	0	0	0.9591548361	-0.7891137632
503	503	0	0	0	0	1.0559125906	-0.7185664833
504	504	0	0	0	0	1.1771243078	-0.6474007563
505	505	0	0	0	0	1.1192387287	-0.5654957314
506	506	0	0	0	0	0.9848650892	-0.7757592120
507	507	0	0	0	0	1.1408092497	-0.6089649314
508	508	0	0	0	0	1.0035097327	-0.4516977896
509	509	0	0	0	0	0.9874180595	-0.4216885000
510	510	0	0	0	0	1.1477484607	-0.6107765742
511	511	0	0	0	0	1.0393070856	-0.4519422488
512	512	0	0	0	0	1.1239785603	-0.5610537022
513	513	0	0	0	0	1.1231085555	-0.5609018314
514	514	0	0	0	0	1.0232873510	-0.5102336079
515	515	0	0	0	0	1.0040781589	-0.4288718362
516	516	0	0	0	0	1.1422002120	-0.6281572782
517	517	0	0	0	0	1.2341909620	-0.6681966761
518	518	0	0	0	0	1.0737224324	-0.5353516526
519	519	0	0	0	0	1.1160411049	-0.5637682402
520	520	0	0	0	0	1.0082866619	-0.4412136701
521	521	0	0	0	0	1.2315229826	-0.7853717264
522	522	0	0	0	0	1.0897050659	-0.5942242539
523	523	0	0	0	0	1.0993164888	-0.5857848323
524	524	0	0	0	0	1.1011744645	-0.6018779448
525	525	0	0	0	0	1.0430614115	-0.7413353864
526	526	0	0	0	0	1.0790077596	-0.5867180145
527	527	0	0	0	0	-28.5750195328	-5.6390728770
528	528	0	0	0	0	-23.6376322687	-4.6155366008
529	529	0	0	0	0	-29.5364915967	-5.8266484208
530	530	0	0	0	0	-17.1796235810	-3.7088099302
531	531	0	0	0	0	-14.5798515938	-2.8771222467
532	532	0	0	0	0	0.5216345432	-1.0646039441
533	533	0	0	0	0	0.5536560418	-0.9302508682
534	534	0	0	0	0	-5.6240567474	-1.2791170542
535	535	0	0	0	0	-25.4658967737	-5.0458611552
536	536	0	0	0	0	-24.2274613172	-4.7481090026
537	537	0	0	0	0	0.4673447829	-1.0909272771
538	538	0	0	0	0	0.6447154348	-0.9362839330
539	539	0	0	0	0	0.5798052548	-0.9853811714
540	540	0	0	0	0	0.5246578548	-1.0045185095
541	541	0	0	0	0	0.5422465113	-1.0003408749
542	542	0	0	0	0	0.5802212842	-0.9856644272
543	543	0	0	0	0	0.5449370369	-0.9987021467
544	544	0	0	0	0	0.4984668405	-1.0843625139
545	545	0	0	0	0	0.5341155500	-0.9411523940
546	546	0	0	0	0	0.4974955669	-1.0916782494
547	547	0	0	0	0	0.5182422345	-1.0409830973
548	548	0	0	0	0	1.0427148317	-0.7819529520
549	549	0	0	0	0	1.0655167332	-0.7500787740
550	550	0	0	0	0	0.9947082193	-0.7802738303
551	551	0	0	0	0	0.4454707771	0.0915444131
552	552	0	0	0	0	-0.9559057520	1.9026368225
553	553	0	0	0	0	-0.9888688397	1.9346862940
554	554	0	0	0	0	-0.9973540006	1.9482773709
555	555	0	0	0	0	1.0682234164	-0.5765289014
556	556	0	0	0	0	1.0709479588	-0.5732318617
557	557	0	0	0	0	1.0643428659	-0.6351382786
558	558	0	0	0	0	1.0275309913	-0.4684866437
559	559	0	0	0	0	1.1240056454	-0.6069215817
560	560	0	0	0	0	1.0432925337	-0.4710440797
561	561	0	0	0	0	1.0368830177	-0.4616569237
562	562	0	0	0	0	1.1667922746	-0.6242972310
563	563	0	0	0	0	1.0124053372	-0.4208535621
564	564	0	0	0	0	0.7989599456	-0.3087239579
565	565	0	0	0	0	1.0549320382	-0.5656618791
566	566	0	0	0	0	1.0376217052	-0.4685831134
567	567	0	0	0	0	1.0437284012	-0.4758351716
568	568	0	0	0	0	1.0316210541	-0.4174260061
569	569	0	0	0	0	1.2006547432	-0.6585164658
570	570	0	0	0	0	1.0395264134	-0.4839123186
571	571	0	0	0	0	1.0475024050	-0.4543518198
572	572	0	0	0	0	0.9679993512	-0.4521871388
573	573	0	0	0	0	1.0344677353	-0.4463223731
574	574	0	0	0	0	1.0508750541	-0.4652536104
575	575	0	0	0	0	1.0272252859	-0.4368345478
576	576	0	0	0	0	1.0453264141	-0.5494114330
577	577	0	0	0	0	0.9590889879	-0.4347107532
578	578	0	0	0	0	1.0344637038	-0.4546939799
579	579	0	0	0	0	1.0364995732	-0.4287786920
580	580	0	0	0	0	1.0480495382	-0.4731470332
581	581	0	0	0	0	1.0420296130	-0.4521584107
582	582	0	0	0	0	1.0755060453	-0.5553338921
583	583	0	0	0	0	1.0565559203	-0.5628697800
584	584	0	0	0	0	1.0526246372	-0.5209299732
585	585	0	0	0	0	1.0491743501	-0.5131276368
586	586	0	0	0	0	1.0504668320	-0.5300085362
587	587	0	0	0	0	0.7818097029	-0.3225286772
588	588	0	0	0	0	1.0451171496	-0.5351984080
589	589	0	0	0	0	1.0362185839	-0.5082016038
590	590	0	0	0	0	1.0576705205	-0.5152656687
591	591	0	0	0	0	1.0424297443	-0.4915266331
592	592	0	0	0	0	1.0218531464	-0.4439630071
593	593	0	0	0	0	1.0631087533	-0.4968487409
594	594	0	0	0	0	1.0500046475	-0.5183498117
595	595	0	0	0	0	1.0533486993	-0.5644904656
596	596	0	0	0	0	1.0519505687	-0.4935012190
597	597	0	0	0	0	0.9181647758	-0.3319365726
598	598	0	0	0	0	1.1409662228	-0.6246457753
599	599	0	0	0	0	1.1570972847	-0.6052917127
600	600	0	0	0	0	1.2359379789	-0.6730981646
601	601	0	0	0	0	1.1452044921	-0.5740527253
602	602	0	0	0	0	1.0516708071	-0.4840536718
603	603	0	0	0	0	0.9935330622	-0.7739641344
604	604	0	0	0	0	0.9853591567	-0.7808495568
605	605	0	0	0	0	0.9739178728	-0.4049734827
606	606	0	0	0	0	1.0362430888	-0.7407173203
607	607	0	0	0	0	-17.8406872716	-3.9352065036
608	608	0	0	0	0	-12.2988734946	-2.9098183904
609	609	0	0	0	0	-14.2576245861	-3.2112905434
610	610	0	0	0	0	-13.6805107232	-3.0880277349
611	611	0	0	0	0	-18.3881165655	-3.8623109082
612	612	0	0	0	0	-28.8474731331	-5.4588044606
613	613	0	0	0	0	-26.0835987295	-5.0240472606
614	614	0	0	0	0	-16.2858530855	-3.6303188290
615	615	0	0	0	0	-26.4407685450	-4.8984911051
616	616	0	0	0	0	-31.5091870732	-5.9658479641
617	617	0	0	0	0	-21.5644307117	-4.5027174497
618	618	0	0	0	0	-15.5268628985	-3.4973018918
619	619	0	0	0	0	-18.4256980486	-3.9306195557
620	620	0	0	0	0	-25.6388596274	-4.9893270787
621	621	0	0	0	0	-28.2653317353	-5.5699565342
622	622	0	0	0	0	-27.0132782906	-5.1597546513
623	623	0	0	0	0	-25.7774681122	-5.1927119230
624	624	0	0	0	0	-25.8822562871	-5.2034154856
625	625	0	0	0	0	-28.1081212196	-5.5124499856
626	626	0	0	0	0	-33.2081848810	-5.9591940178
627	627	0	0	0	0	-20.4132397290	-4.2715596949
628	628	0	0	0	0	-24.8297671236	-5.0238809688
629	629	0	0	0	0	-26.5621630234	-5.2562278817
630	630	0	0	0	0	0.9800094965	-0.7787805591
631	631	0	0	0	0	0.8857340572	-0.8353323821
632	632	0	0	0	0	0.9617408540	-0.7849199583
633	633	0	0	0	0	0.9180534273	-0.8060443272
634	634	0	0	0	0	0.8839901952	-0.8086214772
635	635	0	0	0	0	0.9078674083	-0.8088094762
636	636	0	0	0	0	0.9517488446	-0.7947018761
637	637	0	0	0	0	0.8792201536	-0.8140355469
638	638	0	0	0	0	0.9776558664	-0.7886814744
639	639	0	0	0	0	0.5332367005	-0.7533185117
640	640	0	0	0	0	-1.1533308880	1.8501106199
641	641	0	0	0	0	-0.9361565754	1.7746203227
642	642	0	0	0	0	-1.6087800802	2.3226102769
643	643	0	0	0	0	-1.2581705433	2.0097960787
644	644	0	0	0	0	-1.3359194487	2.0743332533
645	645	0	0	0	0	-1.4597172664	2.1689250445
646	646	0	0	0	0	-1.4657645974	2.1876294505
647	647	0	0	0	0	-1.1475150743	1.8826222587
648	648	0	0	0	0	-1.1614885174	1.8330267803
649	649	0	0	0	0	-1.2394944764	1.9245808933
650	650	0	0	0	0	-1.3229856733	1.9925749668
651	651	0	0	0	0	-1.3575541018	2.0591356836
652	652	0	0	0	0	-1.3150018060	2.0039883496
653	653	0	0	0	0	-1.4015247463	2.1291714638
654	654	0	0	0	0	-1.2964746098	2.0125753956
655	655	0	0	0	0	-0.7689168131	1.5940134595
656	656	0	0	0	0	0.9701354047	-0.7895824405
657	657	0	0	0	0	0.8647565578	-0.8275352187
658	658	0	0	0	0	0.9274409686	-0.7868743187
659	659	0	0	0	0	0.9504508628	-0.7874498655
660	660	0	0	0	0	0.9616778692	-0.7829677587
661	661	0	0	0	0	1.0951222677	-0.8247702268
662	662	0	0	0	0	1.1001621020	-0.8268838461
663	663	0	0	0	0	0.9721207389	-0.7882667809
664	664	0	0	0	0	0.9482402859	-0.7751941201
665	665	0	0	0	0	1.0334844061	-0.7090907128
666	666	0	0	0	0	0.9568644430	-0.7884713567
667	667	0	0	0	0	0.9065542796	-0.7355659861
668	668	0	0	0	0	0.9574107846	-0.7899985464
669	669	0	0	0	0	0.5802114042	-0.8261397993
670	670	0	0	0	0	0.6068408358	-0.3212661852
671	671	0	0	0	0	0.9182664081	-0.8235799952
672	672	0	0	0	0	-0.0138901987	-0.5358058474
673	673	0	0	0	0	0.8228124203	-0.8385089925
674	674	0	0	0	0	-0.3595776204	-0.6576688713
675	675	0	0	0	0	1.1271007252	-0.6600064941
676	676	0	0	0	0	-0.3712297613	-0.6327189372
677	677	0	0	0	0	-0.5421877829	-0.6854572728
678	678	0	0	0	0	-0.3478138395	-0.6395464981
679	679	0	0	0	0	-0.3557045791	0.9543698342
680	680	0	0	0	0	0.7605476437	-0.2142916931
681	681	0	0	0	0	-0.2788967828	0.8393806072
682	682	0	0	0	0	-0.3362552980	0.9171445456
683	683	0	0	0	0	-0.3458329188	0.9089977178
684	684	0	0	0	0	-0.3031211628	0.9345366742
685	685	0	0	0	0	-0.4048249832	1.0174781201
686	686	0	0	0	0	-0.2342922153	0.8413638197
687	687	0	0	0	0	-0.3329881073	0.9482732511
688	688	0	0	0	0	-1.3468662268	2.0431836979
689	689	0	0	0	0	-0.1650810531	0.7831603211
690	690	0	0	0	0	-0.4216527806	1.0688110534
691	691	0	0	0	0	0.9535443509	-0.5811238392
692	692	0	0	0	0	1.0023291206	-0.6600917970
693	693	0	0	0	0	0.9427482540	-0.6033635120
694	694	0	0	0	0	0.5141939795	-1.0504105798
695	695	0	0	0	0	1.1201348632	-0.6353464489
696	696	0	0	0	0	0.7698509186	-0.3069612882
697	697	0	0	0	0	1.2250282717	-0.7013701070
698	698	0	0	0	0	1.1169139202	-0.6538082449
699	699	0	0	0	0	1.1125290723	-0.6085522942
700	700	0	0	0	0	0.7560019950	-0.9687267149
701	701	0	0	0	0	0.5306786242	-1.0328118829
702	702	0	0	0	0	0.6709362491	-1.0094771346
703	703	0	0	0	0	0.5255492467	-1.0578538196
704	704	0	0	0	0	0.6812445547	-0.2261657725
705	705	0	0	0	0	0.6876423379	-0.2660926720
706	706	0	0	0	0	-0.1877138263	0.7937649475
707	707	0	0	0	0	-0.3327729929	0.8217066391
708	708	0	0	0	0	-0.2995639607	0.8422925691
709	709	0	0	0	0	-0.4145365604	1.1198860620
710	710	0	0	0	0	-0.3478772273	1.0382764870
711	711	0	0	0	0	-0.3925550768	1.1264020805
712	712	0	0	0	0	-0.5068988597	1.3067320631
713	713	0	0	0	0	-1.4293132062	2.0887440334
714	714	0	0	0	0	-0.6709161848	1.2208465772
715	715	0	0	0	0	-0.3667813658	0.9404782112
716	716	0	0	0	0	-0.2628461368	0.8871939447
717	717	0	0	0	0	-0.2553965141	0.8547031804
718	718	0	0	0	0	-0.2568518369	0.8997942302
719	719	0	0	0	0	-0.9682571050	1.5881497916
720	720	0	0	0	0	0.4886128964	-0.9721795925
721	721	0	0	0	0	0.6785271133	-0.3201815119
722	722	0	0	0	0	0.6479357077	-0.3267276799
723	723	0	0	0	0	0.6770491379	-0.3384847648
724	724	0	0	0	0	0.6958635114	-0.3089113174
725	725	0	0	0	0	0.6656220837	-0.2989901159
726	726	0	0	0	0	0.6417614581	-0.2800964347
727	727	0	0	0	0	0.6542829323	-0.3190693699
728	728	0	0	0	0	0.6835150966	-0.2922783724
729	729	0	0	0	0	-1.5984294778	2.3101909042
730	730	0	0	0	0	0.5306179922	-0.9840329206
731	731	0	0	0	0	0.6661193433	-0.2139338823
732	732	0	0	0	0	0.5036109584	-1.0198091126
733	733	0	0	0	0	0.7161189565	-0.3484622550
734	734	0	0	0	0	0.1360538799	0.0403792882
735	735	0	0	0	0	0.1203244263	-0.1046765117
736	736	0	0	0	0	0.7934182212	-0.8815120453
737	737	0	0	0	0	0.0104011323	0.0397383691
738	738	0	0	0	0	-0.0523935042	0.0114312054
739	739	0	0	0	0	-0.1485982536	0.0092537757
740	740	0	0	0	0	0.0630167372	0.0111362910
741	741	0	0	0	0	0.0532826093	-0.0523306262
742	742	0	0	0	0	-0.0227820420	0.1074836266
743	743	0	0	0	0	0.0623027829	0.4125265273
744	744	0	0	0	0	0.5542371440	-0.9251935898
745	745	0	0	0	0	0.7233500721	-0.2193520290
746	746	0	0	0	0	0.6657945233	-0.0808713656
747	747	0	0	0	0	0.6557247992	-0.1022684034
748	748	0	0	0	0	0.6706815697	-0.1296504133
749	749	0	0	0	0	0.6870368769	-0.1295610069
750	750	0	0	0	0	0.6598749154	-0.1058381173
751	751	0	0	0	0	0.6403673303	-0.0516263753
752	752	0	0	0	0	0.6481175348	-0.0664330163
753	753	0	0	0	0	0.6607647615	-0.1131293356
754	754	0	0	0	0	0.6674655577	-0.1104740762
755	755	0	0	0	0	0.7134362378	-0.1831553306
756	756	0	0	0	0	0.7260687725	-0.2210586736
757	757	0	0	0	0	-1.0137602462	1.6519106929
758	758	0	0	0	0	-0.7629147537	1.3354085632
759	759	0	0	0	0	-0.8112012718	1.4428936137
760	760	0	0	0	0	-0.7724333338	1.3700166602
761	761	0	0	0	0	-0.5544562718	1.0434568077
762	762	0	0	0	0	-0.7502889520	1.3316786104
763	763	0	0	0	0	-0.8219449164	1.3623808522
764	764	0	0	0	0	-0.8162078960	1.3447461248
765	765	0	0	0	0	-0.6939568115	1.2453837705
766	766	0	0	0	0	-0.5420268843	1.0207406631
767	767	0	0	0	0	-0.5281354713	0.9996250477
768	768	0	0	0	0	-0.6125239853	1.1623435607
769	769	0	0	0	0	-0.6978324611	1.2947801781
770	770	0	0	0	0	-0.8151896589	1.4321651694
771	771	0	0	0	0	-1.0071371586	1.6104381095
772	772	0	0	0	0	-0.8512747425	1.4154590708
773	773	0	0	0	0	-0.9742282466	1.6127388934
774	774	0	0	0	0	-0.8523729045	1.4302516320
775	775	0	0	0	0	-0.7317144978	1.3303492535
776	776	0	0	0	0	0.3052367523	0.1759359868
777	777	0	0	0	0	-0.6142216583	1.1735186204
778	778	0	0	0	0	-0.5540790648	1.1393057411
779	779	0	0	0	0	-0.8636762502	1.4710392744
780	780	0	0	0	0	0.6588829235	-0.2787684791
781	781	0	0	0	0	0.6600525808	-0.7175916983
782	782	0	0	0	0	-0.0468276187	0.5357521075
783	783	0	0	0	0	-1.0674774141	2.0337909254
784	784	0	0	0	0	0.8793045728	-0.2399780105
785	785	0	0	0	0	-1.2515696144	1.9973905035
786	786	0	0	0	0	-1.1287433834	2.0450089528
787	787	0	0	0	0	1.0534902811	-0.5833487789
788	788	0	0	0	0	-0.9535002082	1.8992939550
789	789	0	0	0	0	-1.1178698412	2.1071279753
790	790	0	0	0	0	-1.1751351708	2.1697152981
791	791	0	0	0	0	0.9921329553	-0.6752147324
792	792	0	0	0	0	-0.9255883614	1.5277330948
793	793	0	0	0	0	-0.2712206811	-0.6343590709
794	794	0	0	0	0	0.2254931143	-0.6720789048
795	795	0	0	0	0	0.3477524250	0.4175209885
796	796	0	0	0	0	1.0153699469	-0.7593848413
797	797	0	0	0	0	1.0244891830	-0.7710855294
798	798	0	0	0	0	0.9671523835	-0.8493458556
799	799	0	0	0	0	0.9663314458	-0.8497504451
800	800	0	0	0	0	-1.4335708653	2.1624919393
801	801	0	0	0	0	-1.3747874513	2.1007873122
802	802	0	0	0	0	-1.4995171999	2.2045946014
803	803	0	0	0	0	-1.4545492575	2.1538558802
