1	1	0	0	0	0	-0.1423161658	-1.9114857723
2	2	0	0	0	0	0.1938213731	-1.5348730559
3	3	0	0	0	0	-0.1457969101	-1.9144829787
4	4	0	0	0	0	0.2088160379	-1.5873986841
5	5	0	0	0	0	-0.2089503581	-1.9965230749
6	6	0	0	0	0	0.1923513117	-1.3347203164
7	7	0	0	0	0	-0.1726594372	-1.9163909711
8	8	0	0	0	0	0.2723661936	0.5925549946
9	9	0	0	0	0	-0.2945319921	-2.0594842477
10	10	0	0	0	0	0.1073187387	-1.4705593530
11	11	0	0	0	0	0.2315113075	-1.4551388922
12	12	0	0	0	0	-0.2561001274	-2.0590949997
13	13	0	0	0	0	-0.1925454767	-1.9397734306
14	14	0	0	0	0	0.1222890018	-1.6871980282
15	15	0	0	0	0	0.2547980360	0.6080778839
16	16	0	0	0	0	-0.1399747090	-1.9616499625
17	17	0	0	0	0	-0.1899673843	-2.0233137477
18	18	0	0	0	0	0.2212032084	-0.6622189009
19	19	0	0	0	0	-0.0443387970	0.6718517393
20	20	0	0	0	0	0.1991884904	-1.6034448378
21	21	0	0	0	0	0.1090442285	-1.6945209743
22	22	0	0	0	0	0.1277102009	-0.3805781995
23	23	0	0	0	0	0.1327715854	-1.6750331084
24	24	0	0	0	0	-0.0810563149	0.7031554665
25	25	0	0	0	0	-0.1693723810	-1.9183961246
26	26	0	0	0	0	0.1398836919	-1.4648233865
27	27	0	0	0	0	0.2039591642	-1.1770997212
28	28	0	0	0	0	0.2234621051	-1.5298055644
29	29	0	0	0	0	0.7778652142	1.4091618903
30	30	0	0	0	0	-0.0595964752	0.6843938974
31	31	0	0	0	0	0.2832382329	0.6803905484
32	32	0	0	0	0	0.1678263654	-1.6765365317
33	33	0	0	0	0	0.1434647032	-1.7227362383
34	34	0	0	0	0	0.1804164749	-1.6596555253
35	35	0	0	0	0	0.9393267231	0.9113905040
36	36	0	0	0	0	0.9138377947	0.9174685718
37	37	0	0	0	0	0.9023814574	0.9048191804
38	38	0	0	0	0	0.9122872496	0.9310631749
39	39	0	0	0	0	0.9498116521	0.9006936704
40	40	0	0	0	0	0.9180663682	0.7970613265
41	41	0	0	0	0	0.9256864747	1.0556735290
42	42	0	0	0	0	0.9355138291	0.8894585665
43	43	0	0	0	0	0.9938301223	0.8798124422
44	44	0	0	0	0	0.9086465071	0.8979744073
45	45	0	0	0	0	0.9145250020	0.8974538232
46	46	0	0	0	0	0.9295746130	0.9193636884
47	47	0	0	0	0	0.4384093669	1.6177062096
48	48	0	0	0	0	0.9355442728	0.9007496110
49	49	0	0	0	0	0.9826355421	0.8923856580
50	50	0	0	0	0	-0.1516290115	1.0916510932
51	51	0	0	0	0	-0.1703080739	1.1233163842
52	52	0	0	0	0	-0.1313391738	1.0709648791
53	53	0	0	0	0	-0.2098183673	1.0454348286
54	54	0	0	0	0	-0.1771119234	1.0819670812
55	55	0	0	0	0	-0.1327679525	1.1428200293
56	56	0	0	0	0	0.0249667924	1.3576975175
57	57	0	0	0	0	-0.1908461034	1.0758635690
58	58	0	0	0	0	0.8146437342	1.3170530299
59	59	0	0	0	0	-0.1950085901	1.1128979154
60	60	0	0	0	0	-0.1703802482	1.0622461583
61	61	0	0	0	0	0.5673104470	1.6307226731
62	62	0	0	0	0	0.5093260243	-0.3025645893
63	63	0	0	0	0	0.8413476989	1.2114033638
64	64	0	0	0	0	0.1289688450	0.9659324624
65	65	0	0	0	0	0.1173019901	0.9634080840
66	66	0	0	0	0	0.5011158029	-0.3007144803
67	67	0	0	0	0	0.4789483087	1.5321438101
68	68	0	0	0	0	0.1326766275	1.1500463960
69	69	0	0	0	0	0.8630650981	1.4282029543
70	70	0	0	0	0	0.9355582607	1.2928779819
71	71	0	0	0	0	0.6243799020	1.5400765798
72	72	0	0	0	0	0.6024026772	1.5565657364
73	73	0	0	0	0	0.8903915646	1.3590413841
74	74	0	0	0	0	0.6107785959	1.5294185707
75	75	0	0	0	0	0.8455341388	1.0323656379
76	76	0	0	0	0	0.6552209426	1.6469961203
77	77	0	0	0	0	0.5602662350	-0.2152267469
78	78	0	0	0	0	0.5309085112	-0.3128976071
79	79	0	0	0	0	0.2155468913	0.9561982199
80	80	0	0	0	0	0.5302458170	-0.3661381336
81	81	0	0	0	0	-0.1124699190	1.1815145744
82	82	0	0	0	0	-0.2093241109	1.0774862893
83	83	0	0	0	0	0.4908506461	-0.2795703745
84	84	0	0	0	0	0.4529257356	1.2616619466
85	85	0	0	0	0	-0.2275040299	1.0339115709
86	86	0	0	0	0	0.5130160789	-0.3916304816
87	87	0	0	0	0	0.5381299909	-0.2674884709
88	88	0	0	0	0	0.5031301386	-0.4240698103
89	89	0	0	0	0	0.2310769818	0.9671439881
90	90	0	0	0	0	0.2730966206	0.7840376895
91	91	0	0	0	0	0.5091961271	-0.4310562236
92	92	0	0	0	0	0.1976253921	0.8580541590
93	93	0	0	0	0	0.1896529770	0.8439956284
94	94	0	0	0	0	0.2072373130	0.8689227829
95	95	0	0	0	0	0.2703388307	-0.6713083996
96	96	0	0	0	0	0.5181904264	-0.3403980437
97	97	0	0	0	0	0.7719193048	1.2161990568
98	98	0	0	0	0	0.0423613795	-1.5959557421
99	99	0	0	0	0	0.0895010331	-1.4719457446
100	100	0	0	0	0	0.6637995379	1.6007360173
101	101	0	0	0	0	0.1892187357	1.4628123364
102	102	0	0	0	0	0.2363745621	1.4415945434
103	103	0	0	0	0	0.6171931213	1.5886138589
104	104	0	0	0	0	0.2901748066	1.5229219286
105	105	0	0	0	0	0.5203470658	1.5946603400
106	106	0	0	0	0	0.5429173514	1.5890856050
107	107	0	0	0	0	0.3897482111	1.4854634891
108	108	0	0	0	0	0.1961418934	1.4651784463
109	109	0	0	0	0	0.6640162255	1.5762266983
110	110	0	0	0	0	0.6160359130	1.6681965437
111	111	0	0	0	0	0.6645700051	1.5440993425
112	112	0	0	0	0	0.6174158323	1.5776726453
113	113	0	0	0	0	0.6045317893	1.5998439624
114	114	0	0	0	0	0.6283199904	1.6680786151
115	115	0	0	0	0	0.4644568467	1.6104423648
116	116	0	0	0	0	0.8881262782	1.3007169694
117	117	0	0	0	0	0.8890095181	1.3377006081
118	118	0	0	0	0	0.8974416421	1.3307622519
119	119	0	0	0	0	0.9026662830	1.3230923838
120	120	0	0	0	0	0.8871798445	1.3299731943
121	121	0	0	0	0	-0.0632542218	-1.9105203995
122	122	0	0	0	0	0.1362460627	-1.7572032405
123	123	0	0	0	0	-0.0518902872	-1.9205960498
124	124	0	0	0	0	0.0947155199	-1.8830756604
125	125	0	0	0	0	0.0056763447	-1.7537523787
126	126	0	0	0	0	0.9176891386	1.2970337209
127	127	0	0	0	0	0.9187135346	1.3343682407
128	128	0	0	0	0	0.9011212626	1.2365764941
129	129	0	0	0	0	0.9074793559	1.2712428708
130	130	0	0	0	0	0.9336563959	1.1073919046
131	131	0	0	0	0	0.1535509933	-1.7555066801
132	132	0	0	0	0	0.7193432545	1.3052425391
133	133	0	0	0	0	-0.1046120208	-1.9596794881
134	134	0	0	0	0	0.0347408326	-1.8358989414
135	135	0	0	0	0	0.6730568209	1.4861873938
136	136	0	0	0	0	0.1382701994	-1.6955721381
137	137	0	0	0	0	0.1084089740	-1.8599419694
138	138	0	0	0	0	0.1115271615	-1.8564535139
139	139	0	0	0	0	0.8313017745	0.4961375925
140	140	0	0	0	0	0.8947425793	1.1435108529
141	141	0	0	0	0	0.9209803302	1.1754326280
142	142	0	0	0	0	0.9049584627	1.2579638738
143	143	0	0	0	0	0.9092791477	1.2051497164
144	144	0	0	0	0	0.8388021289	1.1198189092
145	145	0	0	0	0	0.9744913386	0.8645009822
146	146	0	0	0	0	0.9440731400	0.9054475735
147	147	0	0	0	0	0.9689838073	0.8558677818
148	148	0	0	0	0	0.5125443535	0.8320787367
149	149	0	0	0	0	0.9382255093	0.8390227605
150	150	0	0	0	0	0.9445828977	0.9344987492
151	151	0	0	0	0	0.6367625051	1.0143023677
152	152	0	0	0	0	0.8539575478	0.9078100476
153	153	0	0	0	0	0.9347336495	0.8757070759
154	154	0	0	0	0	0.9456029049	0.9049743022
155	155	0	0	0	0	0.8807536383	0.7866361222
156	156	0	0	0	0	0.0931954541	-0.8854780425
157	157	0	0	0	0	0.9457331757	0.8891184703
158	158	0	0	0	0	0.8249352762	0.6919348707
159	159	0	0	0	0	-5.9821377828	-2.7839117720
160	160	0	0	0	0	-5.9148157771	-2.7457592307
161	161	0	0	0	0	-6.2140945427	-2.9638388298
162	162	0	0	0	0	-6.0994162874	-2.8617619659
163	163	0	0	0	0	-6.1418904649	-2.9115940564
164	164	0	0	0	0	-6.2256229423	-3.0154343692
165	165	0	0	0	0	0.7225605145	1.5870236564
166	166	0	0	0	0	-5.4361821669	-2.3864995252
167	167	0	0	0	0	-4.9301811303	-2.0069721246
168	168	0	0	0	0	-4.9247633140	-2.0855532846
169	169	0	0	0	0	1.0027376769	0.9687160548
170	170	0	0	0	0	-4.1640799267	-1.6468104537
171	171	0	0	0	0	-4.8678631844	-2.0061061429
172	172	0	0	0	0	-5.0223354489	-2.0746311003
173	173	0	0	0	0	-6.3842926518	-3.1005819663
174	174	0	0	0	0	-4.3044310613	-2.0120411051
175	175	0	0	0	0	-6.3264080451	-3.1041403913
176	176	0	0	0	0	-6.2129308515	-2.9496908123
177	177	0	0	0	0	-2.1858287061	-0.3111235407
178	178	0	0	0	0	0.4803008882	1.5398192560
179	179	0	0	0	0	-6.0699874637	-2.8659105453
180	180	0	0	0	0	-6.0861136220	-2.8254949103
181	181	0	0	0	0	-5.2240626690	-2.2139267496
182	182	0	0	0	0	-6.0850640845	-2.8606179563
183	183	0	0	0	0	-6.1427982711	-2.9323620311
184	184	0	0	0	0	0.8960352368	0.8635671958
185	185	0	0	0	0	-4.3399225077	-1.5704301994
186	186	0	0	0	0	-6.1585014690	-2.9318891421
187	187	0	0	0	0	-6.1268773100	-2.8579643612
188	188	0	0	0	0	-6.3352728248	-3.1260187396
189	189	0	0	0	0	-6.1737118290	-2.8427377291
190	190	0	0	0	0	-6.0477764171	-2.8813585631
191	191	0	0	0	0	-2.3092307882	-0.4361902958
192	192	0	0	0	0	-5.8847446439	-2.6697841161
193	193	0	0	0	0	0.7736887898	1.2948146353
194	194	0	0	0	0	-6.0045165253	-2.7605063350
195	195	0	0	0	0	-5.6309692587	-2.5120470410
196	196	0	0	0	0	-0.0393651610	1.3036826693
197	197	0	0	0	0	-5.3544408169	-2.3360322656
198	198	0	0	0	0	-5.5910288664	-2.5088536770
199	199	0	0	0	0	-6.0066735411	-2.7824688934
200	200	0	0	0	0	-6.1147519829	-2.8944210819
201	201	0	0	0	0	-5.3984576218	-2.3899926158
202	202	0	0	0	0	-4.2274160596	-1.7808029845
203	203	0	0	0	0	0.7402449485	1.4012673937
204	204	0	0	0	0	-5.4156653400	-2.3550014681
205	205	0	0	0	0	-6.2115047908	-2.9687614121
206	206	0	0	0	0	-6.0385141864	-2.8796595910
207	207	0	0	0	0	-6.2317599605	-2.9746011829
208	208	0	0	0	0	-5.1775172906	-2.2013073562
209	209	0	0	0	0	-5.2196473343	-2.4019499155
210	210	0	0	0	0	-5.2150680515	-2.1470315550
211	211	0	0	0	0	-4.3905705334	-1.6701237333
212	212	0	0	0	0	-4.8742589074	-1.9722530016
213	213	0	0	0	0	-4.5383552692	-1.7363535976
214	214	0	0	0	0	-5.3916313112	-2.3682739399
215	215	0	0	0	0	-6.2375966913	-3.0341121695
216	216	0	0	0	0	-6.1225496220	-2.8970726629
217	217	0	0	0	0	-5.2047990114	-2.1874663015
218	218	0	0	0	0	-6.1965910400	-2.9816905777
219	219	0	0	0	0	-6.3207221790	-3.0507250860
220	220	0	0	0	0	-5.8295620917	-2.6276420340
221	221	0	0	0	0	-5.4143330442	-2.3079149594
222	222	0	0	0	0	-6.1254433337	-2.8447761886
223	223	0	0	0	0	-6.1485644754	-2.8966967601
224	224	0	0	0	0	-6.0917288357	-2.9286213238
225	225	0	0	0	0	-5.9866658349	-2.7939150199
226	226	0	0	0	0	-5.9498694507	-2.7337402249
227	227	0	0	0	0	-6.1098370456	-2.8856056225
228	228	0	0	0	0	-6.5141526085	-3.2586230541
229	229	0	0	0	0	-5.6893372102	-2.4866212910
230	230	0	0	0	0	-5.9247042263	-2.7542461303
231	231	0	0	0	0	-5.9951209825	-2.8179956595
232	232	0	0	0	0	0.0183771408	1.0706196332
233	233	0	0	0	0	0.6783278526	1.5350445191
234	234	0	0	0	0	0.1364021761	0.9592210437
235	235	0	0	0	0	0.1294767034	0.9047342517
236	236	0	0	0	0	0.9322622977	1.2576303328
237	237	0	0	0	0	0.1667313942	1.4386144125
238	238	0	0	0	0	0.2246627638	0.9181743477
239	239	0	0	0	0	0.2053769139	0.9760069990
240	240	0	0	0	0	-0.0251209053	1.1401633812
241	241	0	0	0	0	0.5550469460	-0.3363240985
242	242	0	0	0	0	0.2077643157	0.9076309733
243	243	0	0	0	0	0.1288992776	1.2703962785
244	244	0	0	0	0	0.5021865637	-0.4265988161
245	245	0	0	0	0	-0.0616062462	1.0508826353
246	246	0	0	0	0	-0.0652684862	1.0417639179
247	247	0	0	0	0	-0.0407855755	1.0493868605
248	248	0	0	0	0	0.0137331429	1.1028876451
249	249	0	0	0	0	-0.0709883869	1.0297324761
250	250	0	0	0	0	-0.0354332081	1.0241793453
251	251	0	0	0	0	0.0066495652	1.0355779823
252	252	0	0	0	0	-0.0726306210	1.0454291916
253	253	0	0	0	0	0.0367240098	1.0705118901
254	254	0	0	0	0	-0.0512730136	1.1095765014
255	255	0	0	0	0	-0.1246946411	1.0897871882
256	256	0	0	0	0	0.9052181584	1.2752991563
257	257	0	0	0	0	0.6195433069	1.5523697781
258	258	0	0	0	0	0.7537115362	1.3775574573
259	259	0	0	0	0	0.7483254147	1.4612771685
260	260	0	0	0	0	0.9897438542	0.9413616967
261	261	0	0	0	0	0.9794935604	0.8937852974
262	262	0	0	0	0	0.9847991233	0.9063308519
263	263	0	0	0	0	0.9850828310	0.8889635701
264	264	0	0	0	0	0.8899892471	1.1979422738
265	265	0	0	0	0	0.8849214977	1.1670883221
266	266	0	0	0	0	1.0046062907	1.0571740690
267	267	0	0	0	0	0.9902073239	0.8991104967
268	268	0	0	0	0	0.9773277822	0.9015737402
269	269	0	0	0	0	0.9825507425	0.9949531591
270	270	0	0	0	0	0.9884089075	0.9185233583
271	271	0	0	0	0	0.9673013186	0.8734337122
272	272	0	0	0	0	0.9868148353	0.9015466296
273	273	0	0	0	0	0.9343320864	0.9910094363
274	274	0	0	0	0	0.8895308798	1.1679988273
275	275	0	0	0	0	0.9949493824	0.8983673889
276	276	0	0	0	0	0.9981416861	0.9137672629
277	277	0	0	0	0	0.9905775179	0.8272943506
278	278	0	0	0	0	0.2124669258	1.4612018892
279	279	0	0	0	0	0.8946817767	1.2668488783
280	280	0	0	0	0	0.9747058329	0.8882738011
281	281	0	0	0	0	0.3050410337	1.4747902003
282	282	0	0	0	0	0.9703876568	0.8828369225
283	283	0	0	0	0	0.9922640770	0.9879278035
284	284	0	0	0	0	0.9649949829	0.8896249020
285	285	0	0	0	0	0.9105869074	1.3071142047
286	286	0	0	0	0	0.9108570421	1.3340166964
287	287	0	0	0	0	0.1856967517	-1.1812923965
288	288	0	0	0	0	0.1660198160	-1.1902307636
289	289	0	0	0	0	0.1848118395	-1.1790882750
290	290	0	0	0	0	0.1929070899	-1.1794654730
291	291	0	0	0	0	0.0439188579	-1.5701844403
292	292	0	0	0	0	0.0861073920	-0.9254570709
293	293	0	0	0	0	-0.0996277035	-1.0262005451
294	294	0	0	0	0	0.7049407468	0.2871300820
295	295	0	0	0	0	0.1433041208	-1.1436530493
296	296	0	0	0	0	0.1528513276	-1.1138924781
297	297	0	0	0	0	-0.0090200994	-1.1949575284
298	298	0	0	0	0	0.0257380107	-1.5368797919
299	299	0	0	0	0	-0.0320856709	-1.3480460644
300	300	0	0	0	0	0.6794543463	1.0554733116
301	301	0	0	0	0	0.2502513973	-0.9135449302
302	302	0	0	0	0	0.0279776095	-1.1726662500
303	303	0	0	0	0	-0.0927710917	-1.8124238560
304	304	0	0	0	0	0.2467914196	-0.9492653647
305	305	0	0	0	0	0.1637445164	-0.4496758098
306	306	0	0	0	0	0.0551866964	-1.3069001648
307	307	0	0	0	0	0.0113373844	-1.5635600258
308	308	0	0	0	0	0.1108065780	-1.1891141885
309	309	0	0	0	0	0.0977362977	-1.1166658358
310	310	0	0	0	0	0.1301284394	-1.1591924065
311	311	0	0	0	0	-0.0407606564	-1.7326503922
312	312	0	0	0	0	-0.0206135245	-0.9064721582
313	313	0	0	0	0	0.1001811991	-0.9486766947
314	314	0	0	0	0	-0.1600239818	-1.9576494079
315	315	0	0	0	0	0.2238204802	-0.8936644080
316	316	0	0	0	0	0.1266552403	-1.2146844744
317	317	0	0	0	0	0.1450822198	-1.0405998493
318	318	0	0	0	0	0.1565859828	-1.6176021115
319	319	0	0	0	0	0.1877156749	-1.0169092877
320	320	0	0	0	0	-0.1616650861	1.0863504373
321	321	0	0	0	0	0.2790655147	-0.4046294093
322	322	0	0	0	0	0.2234448910	-0.7160090934
323	323	0	0	0	0	0.2534186412	-0.4366760112
324	324	0	0	0	0	0.2580732848	-1.0383298385
325	325	0	0	0	0	0.0404279666	-1.4096572195
326	326	0	0	0	0	0.2099763090	-0.8395111726
327	327	0	0	0	0	0.0820877302	-1.1966853940
328	328	0	0	0	0	0.1970471711	-0.5179321809
329	329	0	0	0	0	-0.1833574187	1.0431128368
330	330	0	0	0	0	0.7027513869	0.7857527709
331	331	0	0	0	0	0.5277899248	-0.6301474993
332	332	0	0	0	0	0.1301971147	0.8602956913
333	333	0	0	0	0	0.1704831569	0.9587951955
334	334	0	0	0	0	0.1318994886	1.0288544660
335	335	0	0	0	0	0.0620189558	-1.2631410729
336	336	0	0	0	0	0.0749893645	-1.2853599364
337	337	0	0	0	0	0.2202502914	-1.4750414964
338	338	0	0	0	0	0.0700059513	-1.3011305801
339	339	0	0	0	0	0.5268499180	-0.6504778500
340	340	0	0	0	0	-0.1289239972	1.0963102000
341	341	0	0	0	0	0.2046348500	0.9885116712
342	342	0	0	0	0	0.2909625300	-0.1802074991
343	343	0	0	0	0	0.2243614531	0.8531762705
344	344	0	0	0	0	0.1576115472	0.8604662878
345	345	0	0	0	0	0.1186533323	-0.9019793746
346	346	0	0	0	0	-0.1538606253	1.1216213187
347	347	0	0	0	0	0.1089569268	1.0645635318
348	348	0	0	0	0	0.1203526905	1.0693161378
349	349	0	0	0	0	0.2026655670	-0.2349936004
350	350	0	0	0	0	0.3604568715	-0.2359752237
351	351	0	0	0	0	0.2133693185	-0.0826181848
352	352	0	0	0	0	0.2033271632	-0.1969925207
353	353	0	0	0	0	0.3436093797	0.3462997243
354	354	0	0	0	0	0.0898634389	0.8765146369
355	355	0	0	0	0	0.1523342683	0.8603829260
356	356	0	0	0	0	0.2961203883	0.9864505007
357	357	0	0	0	0	0.1309602754	-0.3930519324
358	358	0	0	0	0	0.2353182885	-0.1710169302
359	359	0	0	0	0	0.1287501496	-0.2736702929
360	360	0	0	0	0	0.2117875661	-0.4489672268
361	361	0	0	0	0	0.2692245824	-0.4051526508
362	362	0	0	0	0	0.2311982910	-0.3829595845
363	363	0	0	0	0	0.2579484024	-0.2792127018
364	364	0	0	0	0	0.2048671055	1.0499314670
365	365	0	0	0	0	0.1946906542	-0.5457012059
366	366	0	0	0	0	0.1703028604	1.0637497119
367	367	0	0	0	0	0.1976273478	0.9927024216
368	368	0	0	0	0	0.7765774776	0.8405818521
369	369	0	0	0	0	0.2521068597	-0.3907602575
370	370	0	0	0	0	0.8821703593	1.2441080034
371	371	0	0	0	0	0.8797544539	0.9459447601
372	372	0	0	0	0	0.4928602699	1.5337713327
373	373	0	0	0	0	1.0022005678	0.8448877497
374	374	0	0	0	0	0.9552678301	0.9824888906
375	375	0	0	0	0	0.9867283306	0.8667255978
376	376	0	0	0	0	1.0137150888	0.9430583929
377	377	0	0	0	0	0.5323391640	1.5731803907
378	378	0	0	0	0	1.0000617687	0.9277648458
379	379	0	0	0	0	1.0051177689	0.9572943944
380	380	0	0	0	0	-3.6262335157	-1.3988235876
381	381	0	0	0	0	1.0159683953	0.9105325240
382	382	0	0	0	0	0.1252834744	-1.8203193194
383	383	0	0	0	0	0.1293291233	-1.8342860319
384	384	0	0	0	0	0.1754127436	-1.7170378707
385	385	0	0	0	0	0.1258102539	-1.8535460877
386	386	0	0	0	0	0.1471706180	-1.8243857209
387	387	0	0	0	0	0.9515862698	1.1922152813
388	388	0	0	0	0	0.9366775170	0.8990433820
389	389	0	0	0	0	0.7807343929	0.9180110060
390	390	0	0	0	0	0.7876678246	0.9504526733
391	391	0	0	0	0	0.2547787443	1.0289791149
392	392	0	0	0	0	0.8405103866	1.2227661698
393	393	0	0	0	0	0.8412296405	1.2241160896
394	394	0	0	0	0	0.8721786520	0.5743405637
395	395	0	0	0	0	0.5679200944	-0.7081119588
396	396	0	0	0	0	0.6896857687	-0.3150035098
397	397	0	0	0	0	0.1818852608	-1.6969328848
398	398	0	0	0	0	0.8945036338	0.5646893649
399	399	0	0	0	0	0.9082916010	0.6717822734
400	400	0	0	0	0	0.1438669188	-1.7731798738
401	401	0	0	0	0	0.9119541692	0.8813022979
402	402	0	0	0	0	0.9284802047	1.2378397445
403	403	0	0	0	0	0.3044910433	-1.4797813090
404	404	0	0	0	0	0.8938368862	0.6428937344
405	405	0	0	0	0	0.8432825615	0.5718347229
406	406	0	0	0	0	0.1692961146	-1.7499462487
407	407	0	0	0	0	0.9100885327	1.0573963209
408	408	0	0	0	0	0.6721776815	-0.3266903124
409	409	0	0	0	0	0.1684427572	-1.7043307271
410	410	0	0	0	0	0.3598034751	-1.2579445256
411	411	0	0	0	0	0.2194540603	-1.6674426093
412	412	0	0	0	0	0.1024643934	-1.8949321139
413	413	0	0	0	0	0.7304467416	-0.1660341970
414	414	0	0	0	0	0.1438176775	-1.7793392418
415	415	0	0	0	0	0.1275810442	-1.8708131283
416	416	0	0	0	0	0.4679083122	-1.0355281755
417	417	0	0	0	0	0.8654147667	0.4634428440
418	418	0	0	0	0	0.2949673124	-1.3912973950
419	419	0	0	0	0	0.8398749317	0.5800931897
420	420	0	0	0	0	0.5645319895	-0.7228498395
421	421	0	0	0	0	0.2537757341	-1.5268749129
422	422	0	0	0	0	0.9062138722	0.7883260621
423	423	0	0	0	0	0.1092437304	-1.9041947162
424	424	0	0	0	0	0.8743005771	1.1532782328
425	425	0	0	0	0	0.2838593221	1.0815943322
426	426	0	0	0	0	0.9246101516	0.9335299024
427	427	0	0	0	0	0.8511849016	0.8890993083
428	428	0	0	0	0	0.8882163588	0.7506067935
429	429	0	0	0	0	0.9290864768	0.9294793318
430	430	0	0	0	0	0.7256686785	0.7664652165
431	431	0	0	0	0	0.8888745230	1.2787203826
432	432	0	0	0	0	0.8928130552	1.3589917207
433	433	0	0	0	0	0.8973946545	1.2721419739
434	434	0	0	0	0	0.0950783886	1.3832399488
435	435	0	0	0	0	0.8614330039	1.3290853766
436	436	0	0	0	0	0.8759812529	1.2988677760
437	437	0	0	0	0	0.9312776027	1.1738033493
438	438	0	0	0	0	0.8882681512	1.2580834141
439	439	0	0	0	0	0.8877810077	1.2404249950
440	440	0	0	0	0	0.8775973374	1.1790076429
441	441	0	0	0	0	0.8870952340	1.1955085130
442	442	0	0	0	0	0.8979548790	1.2326127739
443	443	0	0	0	0	0.8925914208	1.1592341094
444	444	0	0	0	0	0.8988338638	1.2925767619
445	445	0	0	0	0	0.8970757142	1.2839098084
446	446	0	0	0	0	0.8994199427	1.1564699837
447	447	0	0	0	0	0.8683617831	1.2390341794
448	448	0	0	0	0	0.8733089625	1.2796779911
449	449	0	0	0	0	0.8888742685	1.2532554936
450	450	0	0	0	0	0.9766268302	1.3711740285
451	451	0	0	0	0	0.9773624544	1.3750625612
452	452	0	0	0	0	0.8793043182	1.2936023252
453	453	0	0	0	0	0.8742738635	1.2580326981
454	454	0	0	0	0	0.8835173562	1.3297706464
455	455	0	0	0	0	0.8879424828	1.2642878941
456	456	0	0	0	0	0.8334869760	1.1954035289
457	457	0	0	0	0	0.8750820093	1.2756020027
458	458	0	0	0	0	0.1002774355	-1.7746214136
459	459	0	0	0	0	0.0836839993	-1.8350346007
460	460	0	0	0	0	-0.1745633521	-1.9843839766
461	461	0	0	0	0	-0.0860560063	-1.9023112906
462	462	0	0	0	0	-0.2773339283	-2.1320972344
463	463	0	0	0	0	-0.1996259517	-2.0465351191
464	464	0	0	0	0	-0.1245553854	-1.9268395640
465	465	0	0	0	0	-0.1680047579	-2.0243321633
466	466	0	0	0	0	-0.0837712407	-1.8748141808
467	467	0	0	0	0	-0.1040080641	-1.9173259210
468	468	0	0	0	0	-0.2255344325	-2.0620349364
469	469	0	0	0	0	0.1275438325	-1.7817886532
470	470	0	0	0	0	-0.1579832629	-1.9714915675
471	471	0	0	0	0	-0.1444620761	-1.9816812175
472	472	0	0	0	0	-0.1784913709	-1.9937475805
473	473	0	0	0	0	0.1211352076	-1.8063898549
474	474	0	0	0	0	0.0792170127	-1.8253639953
475	475	0	0	0	0	0.1089447772	-1.8133777191
476	476	0	0	0	0	0.2378901540	1.4648058873
477	477	0	0	0	0	0.1604339105	1.4439652387
478	478	0	0	0	0	0.5009630877	1.5353707986
479	479	0	0	0	0	0.5792501919	1.5765995541
480	480	0	0	0	0	0.2132165439	1.4652576648
481	481	0	0	0	0	0.9920174679	0.9017366064
482	482	0	0	0	0	0.8741934675	0.8855738831
483	483	0	0	0	0	-3.0083177848	-0.9620422558
484	484	0	0	0	0	-5.9727481878	-2.7581002093
485	485	0	0	0	0	-5.9832618720	-2.7799639297
486	486	0	0	0	0	0.9920330340	0.8898243827
487	487	0	0	0	0	0.9418663656	0.9969422406
488	488	0	0	0	0	0.9621689866	0.9027627937
489	489	0	0	0	0	0.9633499757	0.9067676311
490	490	0	0	0	0	0.9667041799	0.9390737485
491	491	0	0	0	0	0.9633387707	0.9139097338
492	492	0	0	0	0	0.9600064111	0.9312605180
493	493	0	0	0	0	0.9964909624	0.8832074760
494	494	0	0	0	0	0.9211655676	0.9295561408
495	495	0	0	0	0	0.9931704134	0.8918167945
496	496	0	0	0	0	0.9813424470	0.8676125874
497	497	0	0	0	0	0.8740717420	1.3906953579
498	498	0	0	0	0	0.1925245179	-1.6996758225
499	499	0	0	0	0	0.0311644211	-1.5046236865
500	500	0	0	0	0	0.0826163775	-1.0823103639
501	501	0	0	0	0	0.0233876057	-1.1970851490
502	502	0	0	0	0	0.0853597058	-1.1534046854
503	503	0	0	0	0	0.1275842835	-1.1385387857
504	504	0	0	0	0	-0.0088267147	-1.2785048795
505	505	0	0	0	0	0.1764978181	-1.0471356960
506	506	0	0	0	0	0.1006807153	-1.1615708160
507	507	0	0	0	0	0.1563191912	-1.2752549124
508	508	0	0	0	0	0.1995280750	-0.9982158272
509	509	0	0	0	0	0.0382559350	-1.0589401564
510	510	0	0	0	0	0.1040515905	-0.9591753707
511	511	0	0	0	0	0.0781339504	-1.0800706140
512	512	0	0	0	0	-0.0529074437	-1.7467148180
513	513	0	0	0	0	-0.0592822161	-1.6085394909
514	514	0	0	0	0	0.0294474220	-1.5745098518
515	515	0	0	0	0	0.1594046066	-1.3576574045
516	516	0	0	0	0	0.0727806481	-1.3301039276
517	517	0	0	0	0	0.0891408496	-1.4299682124
518	518	0	0	0	0	0.0801525581	-1.4505168451
519	519	0	0	0	0	0.0473936621	-1.5118346451
520	520	0	0	0	0	0.0440000088	-1.4369594823
521	521	0	0	0	0	0.0902439873	-1.2892071476
522	522	0	0	0	0	0.1054499905	-1.2610364633
523	523	0	0	0	0	0.0562367821	-1.3657057269
524	524	0	0	0	0	0.1161443562	-1.3658099382
525	525	0	0	0	0	0.0723412957	-1.4960884281
526	526	0	0	0	0	-0.0477384973	-1.6888292677
527	527	0	0	0	0	-0.1040648957	-1.7119509268
528	528	0	0	0	0	-0.0067452715	-1.6779911198
529	529	0	0	0	0	0.0030842694	-1.6007030992
530	530	0	0	0	0	0.1110213269	-1.4100674948
531	531	0	0	0	0	0.6629687588	0.1050291024
532	532	0	0	0	0	0.1391781090	-1.2779301284
533	533	0	0	0	0	0.2134111872	-1.1790209270
534	534	0	0	0	0	-0.2806959508	0.2141151707
535	535	0	0	0	0	-0.3970825841	0.2788321968
536	536	0	0	0	0	0.9203633471	1.0167972007
537	537	0	0	0	0	-0.1850511274	0.1450094299
538	538	0	0	0	0	-0.3270721392	0.1473502021
539	539	0	0	0	0	-0.5523456127	0.0281626489
540	540	0	0	0	0	-0.1551189484	0.2167158844
541	541	0	0	0	0	-0.4686188857	0.1847723834
542	542	0	0	0	0	-0.2536312201	0.0158623929
543	543	0	0	0	0	0.0714823089	-1.0131446638
544	544	0	0	0	0	0.2021751523	-1.1548583179
545	545	0	0	0	0	0.0374914147	-1.7227767663
546	546	0	0	0	0	-0.1963467879	-2.0386171595
547	547	0	0	0	0	0.0428289142	-1.0075574286
548	548	0	0	0	0	0.0544218607	-0.9653583987
549	549	0	0	0	0	0.7206659567	0.8899917946
550	550	0	0	0	0	0.1150155453	-1.5805161395
551	551	0	0	0	0	-0.1823707681	-1.9779579838
552	552	0	0	0	0	0.0320796401	-1.7613627880
553	553	0	0	0	0	-0.2430501819	-2.1426053215
554	554	0	0	0	0	-0.1268368851	-1.9348325445
555	555	0	0	0	0	-0.1989494116	-2.0003208006
556	556	0	0	0	0	-0.1808058753	-2.0566918964
557	557	0	0	0	0	-0.2365263979	-2.0947130516
558	558	0	0	0	0	-0.0886644113	-1.8402776437
559	559	0	0	0	0	-0.1267138694	-1.8355915760
560	560	0	0	0	0	-0.0967343034	-1.8504833640
561	561	0	0	0	0	-0.2075361744	-1.9816529790
562	562	0	0	0	0	-0.1101657814	-1.9415193365
563	563	0	0	0	0	-0.1327295938	-1.9607899245
564	564	0	0	0	0	-0.1236887702	-1.9870693960
565	565	0	0	0	0	-0.1778053522	-1.9413705988
566	566	0	0	0	0	0.1303560935	-1.5559882158
567	567	0	0	0	0	0.0442512002	-0.9761431552
568	568	0	0	0	0	-0.2147816782	-1.2024242882
569	569	0	0	0	0	-0.1545212831	-1.1666512793
570	570	0	0	0	0	0.0763824646	-1.2741732470
571	571	0	0	0	0	0.0821306794	-1.1817344433
572	572	0	0	0	0	0.1235022629	-1.2383490830
573	573	0	0	0	0	0.1988529060	-1.2881198772
574	574	0	0	0	0	-0.2606523935	-2.0621157030
575	575	0	0	0	0	-0.2480951910	-2.1486348711
576	576	0	0	0	0	0.9208742491	1.2150228777
577	577	0	0	0	0	0.9977283418	1.0097175273
578	578	0	0	0	0	0.9845779451	0.8429331410
579	579	0	0	0	0	0.9981345278	0.9166702162
580	580	0	0	0	0	0.9921897125	0.8653583162
581	581	0	0	0	0	0.5236332905	-0.3222156869
582	582	0	0	0	0	0.2056294482	0.9380721460
583	583	0	0	0	0	0.9660294143	0.9412710773
584	584	0	0	0	0	0.1818935493	0.9211962619
585	585	0	0	0	0	0.1861482005	0.9182468695
586	586	0	0	0	0	0.6440840595	1.6374480728
587	587	0	0	0	0	0.1812728294	0.8652153135
588	588	0	0	0	0	0.1950611219	0.8942419764
589	589	0	0	0	0	0.1859689896	0.8947560185
590	590	0	0	0	0	0.9338518534	1.2285835479
591	591	0	0	0	0	0.1871072308	0.9228917305
592	592	0	0	0	0	0.1824836143	0.9349636316
593	593	0	0	0	0	0.1826091016	0.8950070353
594	594	0	0	0	0	-1.3026899000	0.2322398179
595	595	0	0	0	0	0.0555192095	0.8729405683
596	596	0	0	0	0	0.9023389374	1.3231827324
597	597	0	0	0	0	0.8832072858	1.3103072836
598	598	0	0	0	0	0.5923710644	1.6245967586
599	599	0	0	0	0	0.5329683423	1.5724112934
600	600	0	0	0	0	0.5757293642	1.5851558974
601	601	0	0	0	0	0.8397252756	1.5784768149
602	602	0	0	0	0	0.8750095192	1.3269404288
603	603	0	0	0	0	0.2648751974	1.5168392333
604	604	0	0	0	0	0.8852353920	1.3040255319
605	605	0	0	0	0	0.2236481022	1.4308476875
606	606	0	0	0	0	0.8928964720	1.3380999246
607	607	0	0	0	0	0.8983102567	1.0317695900
608	608	0	0	0	0	0.4034697233	0.8109684083
609	609	0	0	0	0	0.5241581506	1.5253881711
610	610	0	0	0	0	0.5189550722	1.5314655759
611	611	0	0	0	0	0.4269661892	1.5072451076
612	612	0	0	0	0	0.5950338415	1.5795375424
613	613	0	0	0	0	0.4364933216	1.5257634055
614	614	0	0	0	0	0.4470144971	1.5122805195
615	615	0	0	0	0	0.6261623488	1.6187578583
616	616	0	0	0	0	0.3655866566	1.4990421125
617	617	0	0	0	0	0.8381643786	1.0763223417
618	618	0	0	0	0	0.5739065395	1.5140734499
619	619	0	0	0	0	0.4225461301	1.5198755152
620	620	0	0	0	0	0.4225503227	1.5227460937
621	621	0	0	0	0	0.3064877139	1.5132139071
622	622	0	0	0	0	0.6149735998	1.6431132439
623	623	0	0	0	0	0.4467944951	1.5205193192
624	624	0	0	0	0	0.4289343972	1.5372414808
625	625	0	0	0	0	0.6597858841	1.4246953507
626	626	0	0	0	0	0.4236851287	1.5212364172
627	627	0	0	0	0	0.4309811235	1.5315681369
628	628	0	0	0	0	0.4024271033	1.5136541296
629	629	0	0	0	0	0.6617545901	1.4806895934
630	630	0	0	0	0	0.6496296274	1.4046870702
631	631	0	0	0	0	0.3962213008	1.5218311978
632	632	0	0	0	0	0.3477256233	1.5295556156
633	633	0	0	0	0	0.4085095415	1.5270599243
634	634	0	0	0	0	0.4116519774	1.5234213345
635	635	0	0	0	0	0.4814718335	1.5398531611
636	636	0	0	0	0	0.5575443673	1.5184782677
637	637	0	0	0	0	0.4672157269	1.5135660764
638	638	0	0	0	0	0.4848497434	1.5129288213
639	639	0	0	0	0	0.5223820009	1.5117775620
640	640	0	0	0	0	0.8472023897	1.0350366599
641	641	0	0	0	0	0.5358599965	1.5110377447
642	642	0	0	0	0	0.4206588019	1.5165995048
643	643	0	0	0	0	0.4861178345	1.5280719182
644	644	0	0	0	0	0.4463657032	1.5154021782
645	645	0	0	0	0	0.4058956025	1.5018197772
646	646	0	0	0	0	0.4245574617	1.5367734465
647	647	0	0	0	0	0.4770275515	1.5161962810
648	648	0	0	0	0	0.5450106149	1.5089351943
649	649	0	0	0	0	0.2312252032	1.0869992948
650	650	0	0	0	0	0.1582880869	0.9015047939
651	651	0	0	0	0	0.3616388973	1.1426564617
652	652	0	0	0	0	0.1546585939	1.0493834019
653	653	0	0	0	0	0.2548409446	1.0840536933
654	654	0	0	0	0	0.9895510759	0.9176674485
655	655	0	0	0	0	0.2725436785	1.0574274244
656	656	0	0	0	0	0.9521825398	0.9581996868
657	657	0	0	0	0	0.2455385410	1.0744457663
658	658	0	0	0	0	0.2425675364	1.1434164775
659	659	0	0	0	0	0.1774025661	1.0541291721
660	660	0	0	0	0	0.2373719884	1.0913296241
661	661	0	0	0	0	0.3005484361	1.0971517043
662	662	0	0	0	0	0.2224821775	1.0418053932
663	663	0	0	0	0	0.1376014845	1.0060305465
664	664	0	0	0	0	0.1681762681	1.0468947940
665	665	0	0	0	0	0.1178058391	0.9998651620
666	666	0	0	0	0	0.2287354861	0.9745668880
667	667	0	0	0	0	0.2752683750	1.0342821896
668	668	0	0	0	0	0.2295420926	1.0906732683
669	669	0	0	0	0	0.9200804647	0.8961088744
670	670	0	0	0	0	0.2722667653	1.0589796599
671	671	0	0	0	0	0.9701641335	0.8636211204
672	672	0	0	0	0	0.2234429244	1.0885921127
673	673	0	0	0	0	0.2751040896	-0.2618987165
674	674	0	0	0	0	0.2003603173	-1.6028362997
675	675	0	0	0	0	-0.2158035380	-2.0102397676
676	676	0	0	0	0	-0.2367716126	-2.0071527083
677	677	0	0	0	0	-0.3256310147	-2.1204866941
678	678	0	0	0	0	-0.3268112325	-2.1137550082
679	679	0	0	0	0	0.9736416290	0.8511419837
680	680	0	0	0	0	0.9136726299	0.8156374885
681	681	0	0	0	0	0.9382967577	0.8801026249
682	682	0	0	0	0	0.9327304294	0.8769431730
683	683	0	0	0	0	0.9331163297	0.8099417262
684	684	0	0	0	0	1.0021361245	0.8431284554
685	685	0	0	0	0	0.9794832528	0.8840584078
686	686	0	0	0	0	0.9908569585	0.8770835058
687	687	0	0	0	0	0.9735346864	0.8628266279
688	688	0	0	0	0	0.9802206429	0.8725145498
689	689	0	0	0	0	0.9769158830	0.8586354821
690	690	0	0	0	0	0.9533520123	0.8535751266
691	691	0	0	0	0	0.9517915985	0.8747985831
692	692	0	0	0	0	0.9307409989	0.9234342106
693	693	0	0	0	0	0.9360778700	0.9043718124
694	694	0	0	0	0	0.9836830440	0.8712143575
695	695	0	0	0	0	1.0038199455	0.9242457172
696	696	0	0	0	0	0.8999502246	0.9039091248
697	697	0	0	0	0	0.9140319290	0.9261324479
698	698	0	0	0	0	0.9909661961	0.8604829549
699	699	0	0	0	0	0.9874499381	0.8816154257
700	700	0	0	0	0	1.0136262134	1.2277133891
701	701	0	0	0	0	0.7916191277	1.3151059525
702	702	0	0	0	0	0.8802345284	1.2264958102
703	703	0	0	0	0	0.0475983813	1.2128311836
704	704	0	0	0	0	0.9003218395	0.9914132034
705	705	0	0	0	0	0.9239021965	0.9942423305
706	706	0	0	0	0	0.0864471147	1.3020432659
707	707	0	0	0	0	0.8359649511	1.2876327089
708	708	0	0	0	0	0.8078367969	1.3251510661
709	709	0	0	0	0	0.8235110292	1.3028013340
710	710	0	0	0	0	0.9739394163	0.8996718446
711	711	0	0	0	0	0.8750115560	1.2532714600
712	712	0	0	0	0	-0.0422051392	1.3378952820
713	713	0	0	0	0	0.8320751580	1.3087957674
714	714	0	0	0	0	-0.0527102549	1.1278376516
715	715	0	0	0	0	0.1779041787	0.5094393822
716	716	0	0	0	0	0.1160103068	1.2582295216
717	717	0	0	0	0	0.1263104354	1.2501412298
718	718	0	0	0	0	-6.1050379294	-2.8568169300
719	719	0	0	0	0	0.0701246020	1.3578280783
720	720	0	0	0	0	0.8846562703	1.2192281513
721	721	0	0	0	0	0.8518026334	1.2940273970
722	722	0	0	0	0	0.8379095281	1.2817973655
723	723	0	0	0	0	0.8512301703	1.2886205207
724	724	0	0	0	0	0.8642796856	1.2606548807
725	725	0	0	0	0	0.8669582201	1.2813305604
726	726	0	0	0	0	0.9064858396	1.0107709826
727	727	0	0	0	0	0.8650512468	1.2696702678
728	728	0	0	0	0	-0.1434135628	1.1372890409
729	729	0	0	0	0	0.0927787911	1.3968718713
730	730	0	0	0	0	0.7953476939	1.3186702513
731	731	0	0	0	0	0.0174594933	1.3606787476
732	732	0	0	0	0	0.3277728420	1.2624921163
733	733	0	0	0	0	0.2097412286	1.2236541487
734	734	0	0	0	0	-0.0243039950	1.3400668785
735	735	0	0	0	0	0.2117618669	1.2631930621
736	736	0	0	0	0	0.0574103226	1.3765490072
737	737	0	0	0	0	0.2119289664	1.3811707838
738	738	0	0	0	0	0.0234771953	1.3442074656
739	739	0	0	0	0	0.2066493782	-1.5782586644
740	740	0	0	0	0	0.1812850495	-1.5276304662
741	741	0	0	0	0	0.2084997139	-1.6239879191
742	742	0	0	0	0	0.1687438204	-1.7119131519
743	743	0	0	0	0	0.0927506960	-1.5766694572
744	744	0	0	0	0	0.3947803516	-0.9624960200
745	745	0	0	0	0	0.4644788819	-0.7293996907
746	746	0	0	0	0	0.2475653170	-1.4763897409
747	747	0	0	0	0	0.5504876297	1.3263375125
748	748	0	0	0	0	0.1997798154	-1.5574818100
749	749	0	0	0	0	-0.1507839493	-1.9331537664
750	750	0	0	0	0	0.2888629552	0.4892563196
751	751	0	0	0	0	0.4786149301	1.5767271790
752	752	0	0	0	0	0.7961680913	1.3525569699
753	753	0	0	0	0	0.8636839867	1.2782129237
754	754	0	0	0	0	0.8486497395	1.2718356022
755	755	0	0	0	0	0.9125093039	1.3182186205
756	756	0	0	0	0	0.9476635823	1.2426103372
757	757	0	0	0	0	0.6101677121	1.5493775419
758	758	0	0	0	0	0.4912592044	-0.3710441369
759	759	0	0	0	0	0.5219755066	1.5705959151
760	760	0	0	0	0	0.1909279388	-1.6313700104
761	761	0	0	0	0	0.2224311705	-1.5319781968
762	762	0	0	0	0	0.2284295820	-1.4722293228
763	763	0	0	0	0	0.2311867228	-1.5217381607
764	764	0	0	0	0	0.2284480347	-1.4727829550
765	765	0	0	0	0	0.2039118062	-1.5820218299
766	766	0	0	0	0	0.8724183884	1.3010179866
767	767	0	0	0	0	0.1515151904	-1.7074719706
768	768	0	0	0	0	0.5560560423	-0.0756983922
769	769	0	0	0	0	0.1620872119	-1.6772564418
770	770	0	0	0	0	-1.4055993121	0.1930238333
771	771	0	0	0	0	-0.3756677378	-0.0359104651
772	772	0	0	0	0	-0.1493602513	1.1050702194
773	773	0	0	0	0	0.8234665376	1.1434550362
774	774	0	0	0	0	-1.0717115154	0.2933669872
775	775	0	0	0	0	0.6237388103	1.0230408049
776	776	0	0	0	0	-1.2071052486	0.3235132827
777	777	0	0	0	0	0.8121910482	1.5203874232
778	778	0	0	0	0	-1.3571281891	0.2182375345
779	779	0	0	0	0	-1.5090409063	0.1264650744
780	780	0	0	0	0	-1.5940910500	0.0948772764
781	781	0	0	0	0	0.0261463187	-1.2461538892
782	782	0	0	0	0	0.9319437951	1.1972215283
783	783	0	0	0	0	0.9002656651	1.2973372761
784	784	0	0	0	0	0.9141463956	1.2054145094
