1 1 0 0 0 0 68.483 34.933
2 1 0 0 0 0 68.784 34.45
3 1 0 0 0 0 67.667 35.067
4 1 0 0 0 0 69.534 35.734
5 1 0 0 0 0 69.173 34.529
6 1 0 0 0 0 70.068 34.951
7 1 0 0 0 0 68.001 34.868
8 1 0 0 0 0 70.518 36.835
9 1 0 0 0 0 69.301 35.118
10 1 0 0 0 0 62.002 30.502
11 1 0 0 0 0 62.135 33.302
12 1 0 0 0 0 66.002 33.002
13 1 0 0 0 0 69.385 34.419
14 1 0 0 0 0 66.419 35.935
15 1 0 0 0 0 65.152 34.552
16 1 0 0 0 0 66.002 33.002
17 1 0 0 0 0 67.819 34.819
18 1 0 0 0 0 68.419 33.552
19 1 0 0 0 0 68.736 34.986
20 1 0 0 0 0 69.003 35.753
21 1 0 0 0 0 70.569 37.119
22 1 0 0 0 0 70.453 34.419
23 1 0 0 0 0 69.753 36.003
24 1 0 0 0 0 69.186 34.52
25 1 0 0 0 0 69.17 35.003
26 1 0 0 0 0 65.703 31.603
27 1 0 0 0 0 65.703 31.603
28 1 0 0 0 0 66.004 33.004
29 1 0 0 0 0 66.004 33.004
30 1 0 0 0 0 66.004 33.004
31 1 0 0 0 0 65.787 34.554
32 1 0 0 0 0 63.087 34.871
33 1 0 0 0 0 62.254 33.771
34 1 0 0 0 0 67.838 36.688
35 0 0 0 0 0 0.138 36.038
36 0 0 0 0 0 6.022 33.022
37 0 0 0 0 0 6.072 33.106
38 0 0 0 0 0 5.739 34.856
39 0 0 0 0 0 5.739 34.856
40 0 0 0 0 0 6.023 33.023
41 0 0 0 0 0 6.023 33.023
42 0 0 0 0 0 5.889 34.656
43 0 0 0 0 0 0.173 35.423
44 0 0 0 0 0 6.073 33.107
45 0 0 0 0 0 6.073 33.107
46 0 0 0 0 0 5.74 34.857
47 0 0 0 0 0 3.057 36.757
48 0 0 0 0 0 3.007 28.007
49 0 0 0 0 0 3.007 28.007
50 0 0 0 0 0 44.51 40.194
51 0 0 0 0 0 45.011 40.011
52 0 0 0 0 0 45.011 40.011
53 0 0 0 0 0 45.011 40.011
54 0 0 0 0 0 44.511 40.194
55 0 0 0 0 0 44.511 40.194
56 0 0 0 0 0 45.011 40.011
57 0 0 0 0 0 45.011 40.011
58 0 0 0 0 0 45.011 40.011
59 0 0 0 0 0 45.011 40.011
60 0 0 0 0 0 44.512 40.062
61 0 0 0 0 0 45.012 40.012
62 0 0 0 0 0 45.295 39.795
63 0 0 0 0 0 45.012 40.012
64 0 0 0 0 0 45.145 40.879
65 0 0 0 0 0 45.145 40.879
66 0 0 0 0 0 45.012 40.012
67 0 0 0 0 0 44.662 40.962
68 0 0 0 0 0 45.013 40.013
69 0 0 0 0 0 16.1 47.567
70 0 0 0 0 0 16.234 48.417
71 0 0 0 0 0 13.635 47.035
72 0 0 0 0 0 13.518 47.168
73 0 0 0 0 0 12.668 47.302
74 0 0 0 0 0 10.635 47.068
75 0 0 0 0 0 11.352 47.269
76 0 0 0 0 0 14.269 47.702
77 0 0 0 0 0 47.06 40.06
78 0 0 0 0 0 47.048 40.048
79 0 0 0 0 0 47.065 40.065
80 0 0 0 0 0 47.108 40.108
81 0 0 0 0 0 47.102 40.102
82 0 0 0 0 0 47.118 40.118
83 0 0 0 0 0 47.077 40.077
84 0 0 0 0 0 47.045 40.045
85 0 0 0 0 0 47.108 40.108
86 0 0 0 0 0 47.113 40.113
87 0 0 0 0 0 47.111 40.111
88 0 0 0 0 0 47.11 40.11
89 0 0 0 0 0 47.097 40.097
90 0 0 0 0 0 47.101 40.101
91 0 0 0 0 0 47.117 40.117
92 0 0 0 0 0 47.026 40.026
93 0 0 0 0 0 47.085 40.085
94 0 0 0 0 0 47.092 40.092
95 0 0 0 0 0 47.118 40.118
96 1 0 0 0 0 50.005 40.388
97 0 0 0 0 0 45.434 39.231
98 1 0 0 0 0 89.442 27.275
99 1 0 0 0 0 90.192 27.559
100 0 0 0 0 0 17.111 44.428
101 0 0 0 0 0 18.611 43.078
102 0 0 0 0 0 18.778 43.328
103 0 0 0 0 0 18.812 43.395
104 0 0 0 0 0 18.795 43.528
105 0 0 0 0 0 18.912 43.445
106 0 0 0 0 0 18.795 43.529
107 0 0 0 0 0 19.095 43.579
108 0 0 0 0 0 19.096 43.579
109 0 0 0 0 0 19.096 43.579
110 0 0 0 0 0 18.796 43.779
111 0 0 0 0 0 19.479 43.779
112 0 0 0 0 0 17.429 44.163
113 0 0 0 0 0 17.429 44.163
114 0 0 0 0 0 17.863 44.28
115 0 0 0 0 0 18.796 43.53
116 0 0 0 0 0 25.032 43.032
117 0 0 0 0 0 25.033 43.033
118 0 0 0 0 0 25.033 43.033
119 0 0 0 0 0 25.033 43.033
120 0 0 0 0 0 25.033 43.033
121 1 0 0 0 0 116.475 39.958
122 1 0 0 0 0 104.108 30.708
123 1 0 0 0 0 114.359 30.625
124 1 0 0 0 0 123.859 42.342
125 1 0 0 0 0 80.409 31.792
126 1 0 0 0 0 114.559 36.759
127 1 0 0 0 0 126.692 45.792
128 1 0 0 0 0 125.369 43.939
129 1 0 0 0 0 126.193 42.843
130 1 0 0 0 0 117.476 49.643
131 1 0 0 0 0 117.889 26.591
132 1 0 0 0 0 120.918 30.062
133 1 0 0 0 0 103.839 36.103
134 1 0 0 0 0 96.047 36.047
135 1 0 0 0 0 85.503 42.616
136 1 0 0 0 0 85.503 42.616
137 1 0 0 0 0 116.047 39.047
138 1 0 0 0 0 112.047 37.047
139 1 0 0 0 0 120.919 30.063
140 0 0 0 0 0 17.97 42.82
141 0 0 0 0 0 16.153 43.737
142 0 0 0 0 0 14.953 45.47
143 0 0 0 0 0 13.987 45.287
144 0 0 0 0 0 33.055 35.055
145 0 0 0 0 0 33.055 35.055
146 0 0 0 0 0 -98.563 41.273
147 0 0 0 0 0 30.065 27.065
148 0 0 0 0 0 30.816 28.166
149 0 0 0 0 0 25.232 31.582
150 0 0 0 0 0 25.232 31.582
151 0 0 0 0 0 29.599 30.983
152 0 0 0 0 0 34.166 26.133
153 0 0 0 0 0 29.833 31.049
154 0 0 0 0 0 29.833 31.05
155 0 0 0 0 0 31.277 30.074
156 0 0 0 0 0 31.524 31.479
157 0 0 0 0 0 31.283 30.083
158 0 0 0 0 0 34.067 29.567
159 0 0 0 0 0 27.302 31.419
160 0 0 0 0 0 39.003 15.403
161 0 0 0 0 0 39.003 15.403
162 0 0 0 0 0 39.003 15.403
163 0 0 0 0 0 39.003 15.403
164 0 0 0 0 0 39.003 15.403
165 0 0 0 0 0 39.003 15.403
166 0 0 0 0 0 39.07 15.07
167 0 0 0 0 0 39.004 15.404
168 0 0 0 0 0 39.07 15.07
169 0 0 0 0 0 39.004 15.404
170 0 0 0 0 0 39.487 14.754
171 0 0 0 0 0 38.521 15.837
172 0 0 0 0 0 39.004 15.404
173 0 0 0 0 0 38.738 15.404
174 0 0 0 0 0 38.071 8.071
175 0 0 0 0 0 36.738 7.905
176 0 0 0 0 0 38.072 8.072
177 0 0 0 0 0 38.072 8.072
178 0 0 0 0 0 38.072 8.072
179 0 0 0 0 0 37.539 12.672
180 0 0 0 0 0 42.189 9.389
181 0 0 0 0 0 39.706 11.206
182 0 0 0 0 0 39.639 13.722
183 0 0 0 0 0 38.073 8.073
184 0 0 0 0 0 38.073 8.073
185 0 0 0 0 0 38.073 8.073
186 0 0 0 0 0 38.073 8.073
187 0 0 0 0 0 38.773 9.106
188 0 0 0 0 0 37.54 12.673
189 0 0 0 0 0 37.54 12.673
190 0 0 0 0 0 36.74 7.907
191 0 0 0 0 0 38.573 9.14
192 0 0 0 0 0 38.073 8.073
193 0 0 0 0 0 39.607 9.757
194 0 0 0 0 0 38.074 8.074
195 0 0 0 0 0 38.841 9.424
196 0 0 0 0 0 38.674 7.274
197 0 0 0 0 0 39.541 13.574
198 0 0 0 0 0 39.491 14.274
199 0 0 0 0 0 38.074 8.074
200 0 0 0 0 0 36.658 7.808
201 0 0 0 0 0 38.758 9.858
202 0 0 0 0 0 38.075 8.075
203 0 0 0 0 0 38.075 8.075
204 0 0 0 0 0 38.075 8.075
205 0 0 0 0 0 38.075 8.075
206 0 0 0 0 0 38.075 8.075
207 0 0 0 0 0 38.075 8.075
208 0 0 0 0 0 38.075 8.075
209 0 0 0 0 0 38.075 8.075
210 0 0 0 0 0 38.075 8.075
211 0 0 0 0 0 39.309 14.392
212 0 0 0 0 0 39.659 14.059
213 0 0 0 0 0 39.609 12.593
214 0 0 0 0 0 39.459 8.493
215 0 0 0 0 0 39.526 14.343
216 0 0 0 0 0 37.509 12.793
217 0 0 0 0 0 37.726 12.86
218 0 0 0 0 0 39.543 14.343
219 0 0 0 0 0 39.61 12.593
220 0 0 0 0 0 38.31 8.76
221 0 0 0 0 0 39.493 8.36
222 0 0 0 0 0 38.977 14.244
223 0 0 0 0 0 38.594 6.56
224 0 0 0 0 0 38.094 11.927
225 0 0 0 0 0 39.327 7.611
226 0 0 0 0 0 37.977 13.227
227 0 0 0 0 0 38.077 8.077
228 0 0 0 0 0 38.078 8.078
229 0 0 0 0 0 38.094 11.928
230 0 0 0 0 0 38.578 14.178
231 0 0 0 0 0 38.861 7.145
232 0 0 0 0 0 38.728 8.995
233 0 0 0 0 0 26.079 64.079
234 0 0 0 0 0 26.081 64.081
235 0 0 0 0 0 45.082 42.082
236 1 0 0 0 0 100.082 60.082
237 0 0 0 0 0 -2.581 48.502
238 0 0 0 0 0 44.871 41.805
239 0 0 0 0 0 43.588 42.088
240 0 0 0 0 0 44.872 41.805
241 0 0 0 0 0 43.588 42.088
242 0 0 0 0 0 43.588 42.088
243 0 0 0 0 0 43.588 42.088
244 0 0 0 0 0 43.589 42.089
245 0 0 0 0 0 43.589 42.089
246 0 0 0 0 0 43.589 42.089
247 0 0 0 0 0 43.589 42.089
248 0 0 0 0 0 43.589 42.089
249 0 0 0 0 0 42.673 43.139
250 0 0 0 0 0 42.906 43.123
251 0 0 0 0 0 42.923 43.123
252 0 0 0 0 0 42.89 43.14
253 0 0 0 0 0 42.706 43.09
254 0 0 0 0 0 42.823 43.14
255 0 0 0 0 0 42.707 43.09
256 0 0 0 0 0 45.19 42.723
257 0 0 0 0 0 45.207 42.49
258 0 0 0 0 0 44.824 42.024
259 0 0 0 0 0 43.074 41.807
260 0 0 0 0 0 45.241 42.741
261 0 0 0 0 0 10.175 50.042
262 0 0 0 0 0 10.594 51.594
263 0 0 0 0 0 10.594 51.594
264 0 0 0 0 0 23.929 35.595
265 0 0 0 0 0 25.562 36.479
266 0 0 0 0 0 27.929 36.312
267 0 0 0 0 0 27.929 36.279
268 0 0 0 0 0 25.846 40.946
269 0 0 0 0 0 23.779 40.629
270 0 0 0 0 0 23.529 40.363
271 0 0 0 0 0 25.846 35.113
272 0 0 0 0 0 22.479 36.796
273 0 0 0 0 0 23.63 38.03
274 0 0 0 0 0 24.991 35.252
275 0 0 0 0 0 26.196 35.113
276 0 0 0 0 0 23.88 35.563
277 0 0 0 0 0 22.147 37.697
278 0 0 0 0 0 22.097 39.097
279 0 0 0 0 0 22.664 36.847
280 0 0 0 0 0 26.214 35.297
281 0 0 0 0 0 23.73 35.464
282 0 0 0 0 0 22.647 37.347
283 0 0 0 0 0 22.097 39.097
284 0 0 0 0 0 25.564 35.381
285 0 0 0 0 0 22.531 37.014
286 0 0 0 0 0 22.064 37.248
287 0 0 0 0 0 22.098 39.098
288 0 0 0 0 0 23.081 38.114
289 0 0 0 0 0 21.637 48.404
290 0 0 0 0 0 20.921 48.054
291 1 0 0 0 0 74.454 34.304
292 1 0 0 0 0 74.888 34.338
293 1 0 0 0 0 74.888 34.338
294 1 0 0 0 0 75.105 34.321
295 1 0 0 0 0 77.105 20.105
296 1 0 0 0 0 77.105 20.105
297 1 0 0 0 0 80.855 27.355
298 1 0 0 0 0 85.789 26.089
299 1 0 0 0 0 75.939 29.906
300 1 0 0 0 0 75.272 15.456
301 1 0 0 0 0 79.439 30.356
302 1 0 0 0 0 80.856 27.356
303 1 0 0 0 0 80.856 27.356
304 1 0 0 0 0 79.439 30.356
305 1 0 0 0 0 80.289 30.139
306 1 0 0 0 0 80.29 30.14
307 1 0 0 0 0 79.606 29.94
308 1 0 0 0 0 79.606 29.94
309 1 0 0 0 0 79.607 29.94
310 1 0 0 0 0 79.607 29.94
311 1 0 0 0 0 78.59 30.49
312 1 0 0 0 0 78.774 30.607
313 1 0 0 0 0 78.774 30.607
314 1 0 0 0 0 78.774 30.607
315 1 0 0 0 0 78.774 30.607
316 1 0 0 0 0 78.774 30.607
317 1 0 0 0 0 77.107 32.691
318 1 0 0 0 0 72.857 24.941
319 1 0 0 0 0 72.491 24.024
320 1 0 0 0 0 77.108 20.108
321 1 0 0 0 0 76.191 34.341
322 1 0 0 0 0 76.941 32.141
323 1 0 0 0 0 80.391 29.858
324 1 0 0 0 0 110.514 -7.031
325 1 0 0 0 0 53.109 32.109
326 1 0 0 0 0 51.742 32.776
327 1 0 0 0 0 53.109 32.109
328 1 0 0 0 0 53.109 32.109
329 1 0 0 0 0 56.393 27.426
330 1 0 0 0 0 57.188 30.393
331 1 0 0 0 0 57.659 30.493
332 1 0 0 0 0 58.46 29.21
333 1 0 0 0 0 53.11 32.11
334 1 0 0 0 0 53.11 32.11
335 1 0 0 0 0 52.943 31.143
336 1 0 0 0 0 53.11 29.11
337 1 0 0 0 0 49.177 33.577
338 1 0 0 0 0 57.81 36.327
339 1 0 0 0 0 53.11 32.11
340 1 0 0 0 0 51.844 29.744
341 1 0 0 0 0 53.11 29.11
342 1 0 0 0 0 48.411 38.344
343 1 0 0 0 0 50.494 35.844
344 1 0 0 0 0 57.19 30.394
345 1 0 0 0 0 57.811 36.328
346 1 0 0 0 0 57.428 37.578
347 1 0 0 0 0 54.595 36.945
348 1 0 0 0 0 59.711 36.411
349 1 0 0 0 0 52.345 29.728
350 0 0 0 0 0 47.378 32.795
351 1 0 0 0 0 51.595 30.412
352 1 0 0 0 0 51.595 30.412
353 1 0 0 0 0 48.345 32.295
354 1 0 0 0 0 48.312 36.312
355 0 0 0 0 0 46.404 38.192
356 1 0 0 0 0 48.462 32.562
357 0 0 0 0 0 44.713 33.413
358 0 0 0 0 0 44.713 33.413
359 0 0 0 0 0 44.713 33.413
360 0 0 0 0 0 44.113 33.113
361 0 0 0 0 0 44.113 33.113
362 0 0 0 0 0 44.113 33.113
363 0 0 0 0 0 44.63 33.397
364 0 0 0 0 0 44.63 33.397
365 0 0 0 0 0 44.63 33.397
366 0 0 0 0 0 44.631 33.397
367 0 0 0 0 0 44.631 33.397
368 0 0 0 0 0 44.631 33.397
369 0 0 0 0 0 44.631 33.397
370 0 0 0 0 0 44.631 33.398
371 0 0 0 0 0 44.631 33.398
372 0 0 0 0 0 44.715 33.415
373 0 0 0 0 0 44.715 33.415
374 0 0 0 0 0 45.548 35.665
375 0 0 0 0 0 44.115 33.115
376 0 0 0 0 0 44.115 33.115
377 0 0 0 0 0 44.115 33.115
378 0 0 0 0 0 34.867 31.617
379 0 0 0 0 0 35.185 32.118
380 0 0 0 0 0 10.036 44.586
381 0 0 0 0 0 15.07 37.436
382 0 0 0 0 0 14.887 37.753
383 0 0 0 0 0 13.987 41.253
384 0 0 0 0 0 16.703 38.57
385 0 0 0 0 0 13.987 41.254
386 0 0 0 0 0 15.77 38.22
387 0 0 0 0 0 15.771 38.221
388 0 0 0 0 0 15.771 38.221
389 0 0 0 0 0 12.954 42.954
390 1 0 0 0 0 139.875 35.807
391 1 0 0 0 0 138.731 35.739
392 1 0 0 0 0 138.239 36.673
393 1 0 0 0 0 139.146 38.025
394 1 0 0 0 0 134.058 34.785
395 1 0 0 0 0 131.123 33.123
396 0 0 0 0 0 36.125 31.125
397 0 0 0 0 0 36.126 31.126
398 0 0 0 0 0 35.843 32.21
399 0 0 0 0 0 35.76 30.777
400 1 0 0 0 0 77.077 43.377
401 1 0 0 0 0 77.077 43.377
402 1 0 0 0 0 129.028 40.578
403 1 0 0 0 0 125.882 39.162
404 1 0 0 0 0 125.882 39.162
405 1 0 0 0 0 129.734 41.716
406 1 0 0 0 0 125.883 39.162
407 1 0 0 0 0 125.883 39.162
408 1 0 0 0 0 125.883 39.162
409 1 0 0 0 0 125.883 39.162
410 1 0 0 0 0 125.522 40.054
411 1 0 0 0 0 127.57 38.831
412 1 0 0 0 0 127.497 40.476
413 1 0 0 0 0 127.129 40.129
414 1 0 0 0 0 127.129 40.129
415 1 0 0 0 0 127.129 40.129
416 1 0 0 0 0 127.83 36.13
417 1 0 0 0 0 126.93 36.648
418 1 0 0 0 0 127.38 35.88
419 1 0 0 0 0 127.38 35.88
420 1 0 0 0 0 127.38 35.88
421 1 0 0 0 0 127.38 35.88
422 1 0 0 0 0 127.38 35.88
423 1 0 0 0 0 128.344 35.591
424 1 0 0 0 0 127.38 35.88
425 1 0 0 0 0 128.881 36.464
426 1 0 0 0 0 128.881 36.464
427 1 0 0 0 0 127.632 37.132
428 1 0 0 0 0 127.632 37.132
429 1 0 0 0 0 127.632 37.132
430 1 0 0 0 0 128.346 35.594
431 1 0 0 0 0 127.633 37.133
432 0 0 0 0 0 36.001 33.885
433 0 0 0 0 0 36.001 33.885
434 0 0 0 0 0 17.135 25.135
435 0 0 0 0 0 13.302 33.019
436 0 0 0 0 0 17.135 25.135
437 0 0 0 0 0 17.136 25.136
438 0 0 0 0 0 13.469 33.002
439 0 0 0 0 0 21.836 42.253
440 0 0 0 0 0 21.037 41.937
441 0 0 0 0 0 21.887 41.903
442 0 0 0 0 0 21.954 42.32
443 0 0 0 0 0 20.937 41.137
444 0 0 0 0 0 21.337 41.354
445 0 0 0 0 0 22.287 41.571
446 0 0 0 0 0 22.671 41.671
447 0 0 0 0 0 21.888 41.871
448 0 0 0 0 0 22.021 41.554
449 0 0 0 0 0 22.021 41.638
450 0 0 0 0 0 22.738 41.371
451 0 0 0 0 0 22.321 42.021
452 0 0 0 0 0 22.155 42.288
453 0 0 0 0 0 22.138 41.972
454 0 0 0 0 0 22.138 41.972
455 0 0 0 0 0 22.139 41.972
456 0 0 0 0 0 22.139 41.972
457 0 0 0 0 0 22.139 41.972
458 0 0 0 0 0 22.139 41.972
459 0 0 0 0 0 22.139 41.972
460 0 0 0 0 0 22.139 41.972
461 0 0 0 0 0 22.139 41.973
462 0 0 0 0 0 22.139 41.973
463 0 0 0 0 0 22.14 41.973
464 0 0 0 0 0 22.14 41.973
465 0 0 0 0 0 22.14 41.973
466 1 0 0 0 0 96.56 46.76
467 1 0 0 0 0 95.393 46.326
468 1 0 0 0 0 105.143 46.143
469 1 0 0 0 0 96.56 46.76
470 1 0 0 0 0 96.56 46.76
471 1 0 0 0 0 96.477 46.66
472 1 0 0 0 0 96.56 46.76
473 1 0 0 0 0 96.611 46.794
474 1 0 0 0 0 105.144 46.144
475 1 0 0 0 0 105.144 46.144
476 1 0 0 0 0 105.144 46.144
477 1 0 0 0 0 105.144 46.144
478 1 0 0 0 0 105.145 46.145
479 1 0 0 0 0 105.145 46.145
480 1 0 0 0 0 105.145 46.145
481 1 0 0 0 0 105.145 46.145
482 1 0 0 0 0 105.145 46.145
483 1 0 0 0 0 105.146 46.146
484 0 0 0 0 0 19.246 43.296
485 0 0 0 0 0 19.496 43.496
486 0 0 0 0 0 19.48 43.53
487 0 0 0 0 0 19.263 43.297
488 0 0 0 0 0 19.263 43.297
489 0 0 0 0 0 -4.852 32.148
490 0 0 0 0 0 -4.852 32.148
491 0 0 0 0 0 -4.852 32.148
492 0 0 0 0 0 -4.852 32.149
493 0 0 0 0 0 -4.851 32.149
494 0 0 0 0 0 -4.851 32.149
495 0 0 0 0 0 -4.851 32.149
496 0 0 0 0 0 -4.851 32.149
497 0 0 0 0 0 -4.851 32.149
498 0 0 0 0 0 -4.851 32.149
499 0 0 0 0 0 -4.851 32.149
500 0 0 0 0 0 -4.851 32.149
501 0 0 0 0 0 -4.85 32.15
502 0 0 0 0 0 -4.85 32.15
503 0 0 0 0 0 -4.85 32.15
504 0 0 0 0 0 -4.85 32.15
505 0 0 0 0 0 -4.85 32.15
506 1 0 0 0 0 98.15 22.15
507 1 0 0 0 0 84.151 28.151
508 1 0 0 0 0 87.234 27.384
509 1 0 0 0 0 87.134 27.418
510 1 0 0 0 0 87.551 27.535
511 1 0 0 0 0 87.368 27.601
512 1 0 0 0 0 87.385 27.718
513 1 0 0 0 0 87.035 27.602
514 1 0 0 0 0 86.602 27.735
515 1 0 0 0 0 82.402 29.402
516 1 0 0 0 0 82.519 29.335
517 1 0 0 0 0 84.152 28.152
518 1 0 0 0 0 84.152 28.152
519 1 0 0 0 0 84.152 28.152
520 1 0 0 0 0 86.902 27.902
521 1 0 0 0 0 86.236 27.569
522 1 0 0 0 0 86.236 27.569
523 1 0 0 0 0 86.403 27.986
524 1 0 0 0 0 81.069 29.403
525 1 0 0 0 0 83.486 28.736
526 1 0 0 0 0 81.403 29.82
527 1 0 0 0 0 80.736 29.653
528 1 0 0 0 0 82.903 28.57
529 1 0 0 0 0 82.903 28.57
530 1 0 0 0 0 82.903 28.57
531 1 0 0 0 0 82.737 28.904
532 1 0 0 0 0 82.737 28.904
533 1 0 0 0 0 81.654 29.654
534 1 0 0 0 0 86.987 27.404
535 1 0 0 0 0 86.904 27.904
536 1 0 0 0 0 86.904 27.904
537 1 0 0 0 0 82.404 28.988
538 1 0 0 0 0 88.071 27.071
539 1 0 0 0 0 88.071 27.071
540 1 0 0 0 0 88.071 27.071
541 1 0 0 0 0 88.071 27.071
542 0 0 0 0 0 10.159 62.159
543 0 0 0 0 0 12.743 66.36
544 0 0 0 0 0 10.16 62.16
545 1 0 0 0 0 56.812 24.612
546 1 0 0 0 0 57.328 23.662
547 1 0 0 0 0 57.495 23.329
548 1 0 0 0 0 57.495 23.329
549 1 0 0 0 0 57.329 23.329
550 1 0 0 0 0 57.329 23.329
551 1 0 0 0 0 56.829 23.496
552 1 0 0 0 0 56.696 23.746
553 1 0 0 0 0 57.496 23.163
554 1 0 0 0 0 73.246 31.58
555 1 0 0 0 0 70.264 34.064
556 1 0 0 0 0 75.164 36.164
557 1 0 0 0 0 75.78 35.464
558 1 0 0 0 0 70.164 30.164
559 1 0 0 0 0 74.081 33.681
560 1 0 0 0 0 70.714 33.531
561 1 0 0 0 0 72.214 36.247
562 1 0 0 0 0 74.214 35.364
563 1 0 0 0 0 75.048 36.481
564 1 0 0 0 0 73.364 36.381
565 1 0 0 0 0 73.548 36.598
566 1 0 0 0 0 73.581 36.431
567 1 0 0 0 0 73.131 36.331
568 1 0 0 0 0 73.065 36.315
569 1 0 0 0 0 73.948 36.448
570 1 0 0 0 0 74.298 36.215
571 1 0 0 0 0 74.965 35.615
572 1 0 0 0 0 76.015 35.415
573 1 0 0 0 0 76.249 35.332
574 1 0 0 0 0 76.132 35.282
575 1 0 0 0 0 76.066 35.349
576 1 0 0 0 0 75.932 35.466
577 1 0 0 0 0 72.066 36.082
578 1 0 0 0 0 72.486 31.026
579 1 0 0 0 0 72.616 30.633
580 1 0 0 0 0 74.616 31.283
581 1 0 0 0 0 63.633 25.433
582 1 0 0 0 0 62.3 25.833
583 1 0 0 0 0 65.81 28.645
584 1 0 0 0 0 67.2 30.7
585 1 0 0 0 0 75.167 36.167
586 1 0 0 0 0 66.867 30.717
587 0 0 0 0 0 -7.826 39.674
588 0 0 0 0 0 -8.208 40.208
589 0 0 0 0 0 -8.325 40.292
590 0 0 0 0 0 -7.724 38.742
591 0 0 0 0 0 -7.824 39.676
592 1 0 0 0 0 100.179 60.179
593 1 0 0 0 0 100.179 60.179
594 0 0 0 0 0 32.18 60.18
595 0 0 0 0 0 32.18 60.18
596 0 0 0 0 0 32.18 60.18
597 0 0 0 0 0 32.18 60.18
598 0 0 0 0 0 47.181 43.181
599 0 0 0 0 0 32.181 60.181
600 0 0 0 0 0 32.181 60.181
601 0 0 0 0 0 41.081 45.481
602 0 0 0 0 0 41.081 45.481
603 0 0 0 0 0 42.156 45.225
604 0 0 0 0 0 42.156 45.225
605 0 0 0 0 0 42.156 45.225
606 0 0 0 0 0 42.156 45.225
607 0 0 0 0 0 42.156 45.226
608 0 0 0 0 0 39.155 45.232
609 0 0 0 0 0 42.156 45.226
610 0 0 0 0 0 42.156 45.226
611 0 0 0 0 0 42.157 45.226
612 0 0 0 0 0 43.683 43.683
613 0 0 0 0 0 42.702 18.418
614 0 0 0 0 0 40.602 21.452
615 0 0 0 0 0 20.646 45.005
616 0 0 0 0 0 21.802 43.452
617 0 0 0 0 0 19.869 43.536
618 0 0 0 0 0 19.869 43.536
619 0 0 0 0 0 20.646 45.005
620 0 0 0 0 0 20.646 45.005
621 0 0 0 0 0 22.136 44.003
622 0 0 0 0 0 20.803 43.47
623 0 0 0 0 0 20.803 43.47
624 0 0 0 0 0 19.803 44.553
625 0 0 0 0 0 19.753 44.153
626 0 0 0 0 0 -3.808 40.192
627 0 0 0 0 0 32.728 15.747
628 0 0 0 0 0 9.416 47
629 0 0 0 0 0 9.416 47
630 0 0 0 0 0 8.214 47.2
631 0 0 0 0 0 10.567 46.817
632 0 0 0 0 0 8.15 46.517
633 0 0 0 0 0 8.15 46.517
634 0 0 0 0 0 8.283 46.567
635 0 0 0 0 0 8.367 46.617
636 0 0 0 0 0 8.367 46.617
637 0 0 0 0 0 8.215 47.201
638 0 0 0 0 0 8.467 46.684
639 0 0 0 0 0 8.484 46.684
640 0 0 0 0 0 7.617 46.484
641 0 0 0 0 0 8.001 46.368
642 0 0 0 0 0 8.168 46.551
643 0 0 0 0 0 8.284 46.568
644 0 0 0 0 0 8.284 46.568
645 0 0 0 0 0 8.285 46.585
646 0 0 0 0 0 7.585 46.401
647 0 0 0 0 0 7.701 46.318
648 0 0 0 0 0 7.785 46.402
649 0 0 0 0 0 7.802 46.385
650 0 0 0 0 0 8.119 46.352
651 0 0 0 0 0 8.002 46.369
652 0 0 0 0 0 9.652 46.969
653 0 0 0 0 0 9.602 46.935
654 0 0 0 0 0 9.319 46.986
655 0 0 0 0 0 7.652 46.486
656 0 0 0 0 0 8.886 46.952
657 0 0 0 0 0 9.069 46.886
658 0 0 0 0 0 9.436 46.869
659 0 0 0 0 0 9.053 46.853
660 0 0 0 0 0 9.053 46.853
661 0 0 0 0 0 10.353 46.97
662 0 0 0 0 0 10.603 47.153
663 0 0 0 0 0 10.436 47.003
664 0 0 0 0 0 10.437 47.003
665 0 0 0 0 0 9.787 46.853
666 0 0 0 0 0 9.62 46.837
667 0 0 0 0 0 9.304 46.954
668 0 0 0 0 0 38.204 35.204
669 0 0 0 0 0 38.204 35.204
670 0 0 0 0 0 37.365 36.405
671 0 0 0 0 0 37.365 36.405
672 0 0 0 0 0 38.204 35.204
673 0 0 0 0 0 36.504 33.704
674 0 0 0 0 0 36.704 32.954
675 0 0 0 0 0 36.921 34.938
676 0 0 0 0 0 36.955 35.338
677 0 0 0 0 0 37.371 36.405
678 0 0 0 0 0 41.205 36.705
679 0 0 0 0 0 37.372 36.405
680 0 0 0 0 0 36.722 33.338
681 0 0 0 0 0 36.389 33.505
682 0 0 0 0 0 40.839 36.839
683 0 0 0 0 0 40.772 36.939
684 0 0 0 0 0 41.006 36.906
685 0 0 0 0 0 40.389 36.922
686 0 0 0 0 0 37.072 35.222
687 0 0 0 0 0 36.756 35.256
688 0 0 0 0 0 36.439 35.256
689 0 0 0 0 0 37.339 34.739
690 0 0 0 0 0 37.539 34.439
691 0 0 0 0 0 38.206 35.206
692 0 0 0 0 0 39.59 36.04
693 1 0 0 0 0 71.207 39.207
694 1 0 0 0 0 73.295 38.62
695 1 0 0 0 0 73.296 38.621
696 1 0 0 0 0 73.296 38.621
697 1 0 0 0 0 73.296 38.621
698 0 0 0 0 0 9.675 36.025
699 0 0 0 0 0 9.675 36.025
700 0 0 0 0 0 10.142 37.058
701 0 0 0 0 0 10.142 37.059
702 0 0 0 0 0 10.142 37.059
703 0 0 0 0 0 10.142 37.059
704 0 0 0 0 0 9.126 33.826
705 0 0 0 0 0 9.026 33.742
706 0 0 0 0 0 9.026 33.742
707 0 0 0 0 0 9.126 33.809
708 0 0 0 0 0 9.126 33.809
709 0 0 0 0 0 9.126 33.809
710 0 0 0 0 0 9.059 33.793
711 0 0 0 0 0 9.21 33.693
712 0 0 0 0 0 9.026 33.943
713 0 0 0 0 0 9.06 33.993
714 0 0 0 0 0 9.06 33.993
715 0 0 0 0 0 9.21 34.21
716 0 0 0 0 0 10.084 37.485
717 0 0 0 0 0 8.46 34.227
718 0 0 0 0 0 8.377 34.194
719 0 0 0 0 0 9.211 34.211
720 0 0 0 0 0 38.511 38.561
721 1 0 0 0 0 50.095 40.578
722 0 0 0 0 0 32.696 38.083
723 0 0 0 0 0 35.512 37.212
724 0 0 0 0 0 27.229 39.795
725 0 0 0 0 0 33.295 39.312
726 0 0 0 0 0 35.829 41.829
727 0 0 0 0 0 34.229 38.579
728 0 0 0 0 0 34.779 38.113
729 0 0 0 0 0 35.963 37.029
730 0 0 0 0 0 28.013 41.363
731 0 0 0 0 0 38.53 38.563
732 0 0 0 0 0 36.046 40.866
733 0 0 0 0 0 40.396 40.496
734 0 0 0 0 0 44.247 40.147
735 0 0 0 0 0 33.068 40.133
736 0 0 0 0 0 39.73 39.247
737 0 0 0 0 0 35.125 39.273
738 0 0 0 0 0 35.697 41.447
739 0 0 0 0 0 35.125 39.273
740 0 0 0 0 0 35.126 39.273
741 0 0 0 0 0 35.126 39.273
742 0 0 0 0 0 35.126 39.273
743 0 0 0 0 0 35.126 39.273
744 0 0 0 0 0 35.126 39.273
745 0 0 0 0 0 27.465 38.065
746 0 0 0 0 0 28.101 39.864
747 0 0 0 0 0 35.126 39.274
748 0 0 0 0 0 35.126 39.274
749 0 0 0 0 0 38.532 38.565
750 0 0 0 0 0 30.758 38.972
751 0 0 0 0 0 29.621 38.889
752 0 0 0 0 0 29.621 38.889
753 0 0 0 0 0 30.199 39.639
754 0 0 0 0 0 30.2 39.65
755 0 0 0 0 0 30.201 39.66
756 0 0 0 0 0 30.202 39.67
757 0 0 0 0 0 30.203 39.68
758 1 0 0 0 0 62.383 37.833
759 1 0 0 0 0 62.05 37.847
760 1 0 0 0 0 60.237 40.417
761 1 0 0 0 0 60.227 40.227
762 1 0 0 0 0 60.247 40.247
763 1 0 0 0 0 59.973 38.468
764 1 0 0 0 0 60.328 40.278
765 1 0 0 0 0 60.348 40.298
766 1 0 0 0 0 59.968 38.468
767 1 0 0 0 0 60.358 40.308
768 1 0 0 0 0 60.368 40.328
769 1 0 0 0 0 60.378 40.338
770 0 0 0 0 0 36.471 50.21
771 0 0 0 0 0 36.472 50.2
772 0 0 0 0 0 30.952 46.697
773 0 0 0 0 0 35.203 48.67
774 0 0 0 0 0 25.825 49.776
775 0 0 0 0 0 35.203 48.67
776 0 0 0 0 0 -0.479 52.385
777 1 0 0 0 0 67.202 39.918
778 1 0 0 0 0 71.885 40.735
779 1 0 0 0 0 69.468 41.517
780 1 0 0 0 0 60.402 41.852
781 1 0 0 0 0 59.919 43.419
782 1 0 0 0 0 59.919 43.419
783 1 0 0 0 0 60.653 42.103
784 1 0 0 0 0 64.102 41.961
785 1 0 0 0 0 64.102 41.961
786 1 0 0 0 0 67.213 39.907
787 1 0 0 0 0 67.213 39.908
788 1 0 0 0 0 64.682 40.028
789 0 0 0 0 0 47.755 15.755
790 0 0 0 0 0 44.439 14.222
791 0 0 0 0 0 47.755 15.755
792 0 0 0 0 0 44.455 15.605
793 0 0 0 0 0 44.156 13.289
794 0 0 0 0 0 47.756 15.756
795 0 0 0 0 0 44.456 15.606
796 0 0 0 0 0 44.456 15.606
797 0 0 0 0 0 44.289 13.823
798 0 0 0 0 0 44.289 13.823
799 0 0 0 0 0 44.156 15.773
800 0 0 0 0 0 44.59 15.673
801 0 0 0 0 0 43.84 17.323
802 0 0 0 0 0 44.44 16.257
803 0 0 0 0 0 44.223 15.907
